126
982
912
1898
822
380
1600
1670
1544
1470
718
1302
1080
1330
1930
216
966
296
1022
694
1708
790
1746
1990
1096
312
52
774
856
332
108
602
760
798
1866
1766
1062
916
948
392
1394
1066
1042
28
654
1782
792
264
530
1490
1132
1260
36
888
1912
744
1790
286
750
356
1718
302
976
666
1524
536
1386
562
806
656
706
1108
1274
946
1818
192
328
1596
842
1998
344
612
1264
1910
310
1678
1788
1358
968
60
958
1846
462
48
836
476
1254
1454
914
1270
814
472
1090
1902
1812
712
1006
196
1830
250
82
1854
88
1512
1832
1962
854
700
546
260
128
1992
534
70
1652
892
1500
178
382
1010
1168
1968
1184
874
1290
592
1252
1550
436
1606
290
1592
308
354
322
1726
1526
1026
1994
1172
1850
578
964
1248
554
1186
224
230
208
1328
1392
1410
22
1046
1118
1160
1590
698
1388
1890
110
400
1148
106
1904
1246
634
1810
722
68
1312
98
78
210
670
1768
142
1814
1324
1714
352
122
1088
432
886
1012
1356
414
388
1114
1136
810
146
1146
1518
58
402
1048
1122
1442
440
626
1198
1458
1852
564
1286
1292
708
1916
1158
390
120
1126
550
1556
1636
1996
386
1200
844
622
984
692
1946
1220
1414
2
266
412
1100
830
1428
1736
416
1640
710
1586
1508
1976
1682
1986
1694
690
1308
1040
828
1710
1074
1486
198
284
176
1054
1024
350
1336
1740
398
924
526
938
20
1112
1838
1628
624
1576
194
1466
696
1432
1004
270
1134
1448
1844
1884
638
1214
502
1966
316
228
780
740
242
1440
962
1862
1164
1450
1316
1558
1634
1212
1580
160
1704
1384
594
1938
1794
1582
1724
66
226
1154
514
1752
1988
1876
520
852
1942
1554
596
248
926
954
1174
522
238
1464
80
262
1256
1344
190
1188
1892
112
294
496
154
682
770
778
448
94
1320
1340
1304
1424
1650
200
298
1932
1690
358
1836
1480
474
1642
1418
894
858
1456
732
1698
478
908
1552
1492
1298
990
882
1294
1128
1372
674
1608
1754
860
1382
934
1162
1416
1504
1368
1226
1216
980
788
130
716
38
212
1204
1484
186
1834
1262
220
1934
1604
1208
202
42
1144
1008
1712
684
1362
884
1000
1620
488
1420
240
1230
1272
140
1662
580
500
480
1742
1702
668
422
1626
450
1228
1310
920
776
1476
6
1342
1350
426
1574
1050
974
1572
1030
766
1804
2000
340
1238
1124
1018
1402
970
538
1948
280
1980
74
1404
1468
880
542
1842
686
988
646
1532
904
1972
1538
518
1984
1222
1536
484
644
556
652
338
1684
1706
118
234
1974
1068
56
1370
992
898
468
648
1762
986
1926
102
1280
1584
76
762
1734
1922
1622
590
1602
458
374
1542
872
1566
1578
1744
86
1496
1398
1630
84
1052
528
330
1820
1872
136
998
24
1076
32
878
1070
360
1140
16
956
576
796
704
320
1760
846
1092
1648
1756
1150
802
952
172
410
1822
1314
1462
1808
1920
62
1354
632
1784
1548
1452
246
506
1436
1514
1506
1438
524
1570
1064
232
1078
314
1406
300
124
282
1072
1346
470
972
1964
168
636
92
928
610
1334
876
1700
420
1618
1886
1880
664
1032
1654
978
204
1730
1210
1896
1130
446
1288
1658
490
1034
214
1224
456
1668
1196
1098
8
1232
834
786
1674
152
678
1786
1732
742
1856
1376
1870
18
336
1318
144
1268
222
486
1300
1016
1560
346
1748
254
1296
676
1106
132
444
1828
1950
672
640
660
258
1982
1598
642
406
1002
378
922
1396
748
166
188
1716
12
1750
396
752
890
148
1780
1110
1692
728
50
768
1824
138
586
1474
1116
662
1826
1352
1778
4
1928
1914
1688
492
498
870
1180
1722
1014
1958
1660
1798
1120
532
438
1426
1956
1528
1728
1348
1250
1084
44
64
1646
1020
278
764
304
1058
424
394
1656
756
366
434
1028
1510
1562
1720
1954
1142
430
1178
1192
618
1036
342
738
1540
754
936
218
918
1610
1644
1676
812
1446
1840
1900
1258
1978
1082
1924
1894
1802
364
504
362
306
720
1624
782
544
274
244
838
100
1102
1498
1806
1166
1326
758
572
868
1800
1378
628
614
1936
30
794
784
568
818
630
1236
376
864
276
584
1390
1516
256
730
180
902
548
372
1882
1322
1614
1242
1182
1460
408
1874
1970
1666
1412
736
334
566
1266
1434
1796
862
10
1764
910
1332
1878
324
1176
1772
826
900
1944
1244
162
150
940
724
40
512
1696
348
606
26
164
428
1502
906
1206
1190
1276
1478
1774
516
540
608
454
72
384
1522
1038
90
1482
1848
54
1860
1520
1234
1534
620
1306
1792
206
932
1960
370
1152
34
1338
1686
460
1194
1360
452
804
288
726
134
850
482
824
600
104
582
292
252
1408
272
1104
368
1770
1738
950
570
464
1952
1282
1530
174
772
1906
1564
1546
746
616
1366
236
14
1758
1638
558
442
326
1056
466
1908
944
1218
688
714
418
1568
1918
1612
816
1094
404
1170
318
1422
268
114
800
1380
182
1616
604
156
116
1086
1060
960
840
1588
46
1472
1672
1488
1864
866
1858
1868
734
1400
494
508
658
1156
184
994
848
832
1284
170
1240
158
896
1940
1430
1374
1680
702
560
598
574
1664
1444
1044
680
1776
588
942
552
1138
1278
1202
996
1364
96
1632
1594
510
1816
1494
650
820
1888
930
808
