18
16
40
98
68
10
88
82
26
90
32
4
14
12
46
50
36
94
48
80
56
20
28
54
60
44
62
22
72
30
86
70
8
96
52
38
58
76
24
100
92
84
78
42
6
66
34
74
2
64
162
112
152
120
172
198
184
192
182
160
118
130
150
132
146
102
186
110
164
142
122
128
114
104
194
136
166
144
176
108
156
188
138
148
106
140
178
158
196
126
180
154
174
170
124
190
168
116
134
200
218
252
202
204
268
292
214
250
288
248
270
208
286
212
220
300
242
266
228
294
210
258
236
296
290
238
280
222
274
278
232
244
264
256
240
230
224
272
206
276
246
262
282
216
284
226
254
234
298
260
374
366
370
320
360
328
352
378
338
342
348
384
322
376
372
392
334
326
324
304
312
344
330
368
382
350
354
380
386
306
400
358
340
396
388
390
394
314
316
302
398
336
308
332
318
310
362
346
364
356
492
422
472
478
454
446
426
490
464
474
406
438
488
468
444
418
442
420
486
448
408
484
402
414
424
470
460
416
456
494
436
440
480
462
430
432
500
458
452
498
412
482
434
450
466
428
410
476
496
404
592
554
546
540
508
584
598
534
502
536
566
582
580
550
542
576
518
528
596
538
544
552
588
562
568
556
558
532
570
526
512
524
514
572
564
578
594
520
506
548
516
530
590
586
560
504
600
522
510
574
628
608
676
656
638
634
606
670
610
700
678
662
642
654
612
652
686
684
682
692
688
648
636
644
626
632
672
690
674
640
658
622
698
620
646
664
602
694
618
680
696
616
660
630
666
604
624
668
650
614
792
760
774
704
724
716
710
772
776
796
738
714
782
780
800
794
708
786
784
706
744
728
720
726
740
734
790
770
766
736
712
748
764
742
758
756
778
732
702
722
762
798
768
730
788
754
718
750
752
746
840
864
828
806
824
892
842
878
854
834
890
894
830
816
848
898
832
804
886
876
820
808
862
850
826
802
874
900
856
812
880
810
870
852
860
858
836
882
884
896
888
818
844
868
822
866
814
846
872
838
980
974
928
902
952
986
976
938
918
1000
932
994
950
970
944
916
978
922
924
966
954
930
946
960
964
936
926
990
934
972
958
984
968
906
942
948
912
998
988
910
908
940
962
904
914
982
992
956
996
920
1062
1082
1068
1018
1098
1084
1100
1086
1026
1024
1092
1014
1046
1064
1076
1028
1004
1012
1030
1096
1066
1094
1002
1078
1010
1090
1080
1088
1036
1058
1054
1006
1056
1032
1008
1048
1034
1070
1040
1044
1052
1042
1022
1038
1016
1072
1074
1020
1050
1060
1160
1180
1140
1152
1142
1168
1154
1182
1166
1196
1190
1104
1110
1106
1146
1156
1176
1134
1198
1186
1184
1158
1126
1174
1102
1188
1164
1130
1122
1162
1114
1192
1128
1108
1144
1120
1132
1194
1170
1124
1150
1112
1178
1116
1136
1148
1118
1138
1200
1172
1260
1288
1214
1298
1286
1300
1208
1258
1204
1238
1278
1268
1282
1230
1216
1262
1246
1240
1210
1248
1284
1296
1280
1254
1228
1212
1242
1266
1218
1250
1244
1270
1252
1274
1276
1264
1220
1202
1272
1232
1256
1234
1290
1206
1226
1224
1292
1294
1236
1222
1326
1390
1376
1366
1318
1346
1340
1396
1398
1358
1386
1352
1324
1382
1302
1342
1392
1328
1374
1380
1316
1322
1362
1348
1332
1368
1336
1364
1354
1370
1334
1378
1314
1350
1344
1372
1394
1388
1312
1338
1330
1360
1306
1320
1304
1310
1384
1356
1400
1308
1404
1402
1424
1464
1500
1482
1442
1416
1454
1414
1432
1490
1406
1438
1470
1484
1480
1418
1436
1448
1488
1408
1496
1468
1476
1450
1444
1452
1486
1412
1426
1472
1422
1428
1420
1478
1462
1492
1456
1446
1466
1430
1410
1460
1440
1458
1474
1434
1498
1494
1542
1596
1580
1508
1504
1548
1520
1528
1538
1574
1512
1552
1582
1510
1554
1556
1576
1570
1568
1592
1598
1532
1526
1518
1578
1516
1550
1572
1522
1560
1506
1584
1594
1536
1562
1530
1588
1586
1514
1558
1534
1564
1540
1546
1566
1590
1544
1502
1524
1600
1632
1662
1622
1698
1672
1692
1652
1606
1694
1650
1654
1612
1602
1618
1604
1668
1626
1690
1640
1676
1670
1700
1680
1644
1660
1648
1610
1614
1674
1682
1634
1656
1642
1696
1630
1628
1664
1666
1646
1636
1686
1616
1658
1678
1688
1608
1638
1624
1684
1620
1724
1782
1712
1768
1766
1752
1798
1746
1718
1792
1716
1780
1704
1710
1736
1776
1722
1778
1742
1756
1732
1762
1748
1702
1720
1784
1790
1772
1734
1758
1788
1774
1744
1754
1738
1764
1760
1726
1750
1730
1706
1786
1714
1794
1800
1770
1728
1740
1708
1796
1822
1830
1810
1804
1820
1856
1828
1888
1876
1882
1858
1850
1814
1886
1860
1894
1900
1862
1852
1880
1870
1874
1868
1842
1824
1884
1834
1898
1854
1806
1866
1844
1872
1892
1840
1846
1836
1890
1848
1832
1812
1818
1838
1896
1864
1816
1826
1802
1808
1878
1916
1988
1954
1910
1956
1912
1972
1934
1996
1904
1958
1908
1924
1982
1902
1950
1952
1914
1978
1938
1922
1976
1992
1920
1906
1936
1980
1918
1940
1932
1998
1986
1966
1944
1948
1962
1994
1930
1926
1942
1946
1990
1974
2000
1968
1964
1960
1928
1970
1984
2014
2024
2084
2092
2100
2096
2046
2010
2048
2022
2074
2058
2080
2032
2064
2034
2066
2004
2062
2060
2044
2088
2020
2040
2018
2026
2038
2016
2030
2042
2072
2078
2070
2056
2090
2028
2068
2008
2082
2094
2052
2054
2050
2012
2006
2076
2002
2098
2036
2086
2138
2152
2194
2156
2166
2162
2116
2128
2142
2146
2158
2112
2160
2184
2120
2172
2104
2190
2130
2126
2144
2150
2164
2170
2198
2110
2106
2118
2140
2182
2148
2132
2168
2176
2154
2196
2134
2136
2108
2192
2114
2186
2188
2124
2180
2200
2178
2102
2174
2122
2258
2210
2280
2236
2208
2220
2248
2240
2246
2274
2224
2212
2214
2232
2216
2242
2250
2202
2268
2252
2286
2294
2226
2292
2254
2298
2230
2218
2290
2282
2206
2264
2204
2234
2284
2272
2278
2228
2270
2256
2260
2266
2262
2300
2276
2244
2288
2296
2238
2222
2346
2376
2324
2362
2392
2320
2334
2356
2340
2304
2354
2322
2316
2306
2302
2344
2314
2330
2372
2308
2310
2338
2350
2370
2384
2318
2352
2396
2380
2326
2382
2368
2374
2378
2394
2360
2336
2388
2332
2328
2348
2342
2358
2400
2390
2386
2364
2398
2366
2312
2444
2416
2428
2472
2448
2500
2482
2420
2430
2464
2470
2480
2492
2432
2484
2476
2442
2440
2452
2422
2466
2496
2490
2460
2404
2488
2462
2474
2418
2450
2434
2412
2436
2494
2486
2406
2468
2424
2454
2456
2478
2446
2414
2408
2458
2402
2426
2498
2438
2410
2538
2532
2584
2504
2512
2548
2502
2554
2564
2556
2518
2520
2578
2590
2576
2510
2542
2566
2534
2528
2550
2536
2596
2574
2598
2572
2594
2558
2526
2582
2586
2562
2522
2516
2600
2568
2506
2588
2544
2530
2546
2514
2580
2570
2592
2540
2508
2560
2552
2524
2658
2626
2670
2672
2648
2640
2668
2656
2620
2644
2618
2686
2628
2680
2652
2666
2688
2614
2606
2678
2692
2694
2610
2622
2676
2612
2646
2602
2690
2674
2624
2650
2632
2662
2638
2696
2608
2698
2660
2634
2604
2700
2636
2616
2664
2642
2684
2630
2654
2682
2744
2712
2718
2778
2786
2768
2774
2794
2770
2736
2796
2784
2758
2750
2702
2732
2780
2748
2722
2704
2726
2730
2734
2790
2716
2738
2714
2756
2776
2740
2746
2706
2782
2766
2800
2772
2788
2798
2710
2752
2728
2760
2742
2708
2754
2792
2724
2762
2720
2764
2862
2852
2812
2864
2878
2850
2894
2882
2836
2810
2888
2858
2824
2880
2840
2842
2886
2838
2874
2826
2814
2854
2806
2818
2860
2820
2822
2834
2828
2868
2846
2870
2884
2890
2892
2844
2816
2896
2876
2832
2898
2848
2856
2900
2872
2866
2802
2808
2830
2804
2958
2964
2974
2956
2998
2942
2944
2978
2940
2988
2946
2936
2928
2922
2930
2994
2968
2904
2948
2910
2926
2912
2996
2914
2986
2972
2906
2932
2920
2952
2990
2908
2970
2934
2924
2954
3000
2962
2960
2966
2916
2938
2984
2976
2992
2980
2950
2902
2982
2918
3048
3084
3098
3052
3002
3090
3022
3026
3014
3076
3094
3012
3054
3004
3044
3068
3034
3024
3018
3086
3040
3082
3046
3060
3016
3050
3036
3074
3030
3078
3056
3066
3100
3032
3080
3088
3042
3070
3062
3020
3064
3038
3006
3010
3028
3058
3072
3096
3092
3008
3164
3192
3132
3102
3140
3196
3144
3104
3138
3154
3156
3128
3194
3170
3184
3200
3134
3124
3178
3110
3126
3174
3198
3116
3114
3188
3136
3150
3108
3106
3172
3122
3180
3112
3186
3166
3148
3176
3130
3152
3118
3162
3168
3158
3190
3142
3160
3146
3182
3120
3214
3246
3288
3230
3258
3208
3254
3264
3240
3296
3252
3266
3300
3206
3242
3256
3274
3250
3290
3204
3216
3270
3282
3244
3238
3292
3234
3222
3276
3236
3220
3248
3226
3284
3212
3228
3268
3224
3260
3294
3218
3262
3232
3298
3272
3280
3286
3278
3202
3210
3306
3360
3354
3364
3342
3396
3318
3322
3378
3334
3308
3320
3394
3336
3332
3382
3358
3348
3370
3312
3328
3368
3362
3400
3338
3304
3356
3366
3344
3324
3388
3350
3398
3346
3302
3340
3374
3384
3372
3380
3310
3376
3314
3352
3326
3330
3316
3392
3390
3386
3428
3450
3454
3402
3440
3480
3464
3462
3436
3498
3482
3420
3430
3492
3408
3476
3490
3418
3474
3484
3500
3452
3470
3466
3404
3410
3442
3458
3460
3424
3434
3468
3496
3406
3448
3472
3426
3438
3456
3486
3444
3446
3412
3422
3416
3478
3432
3488
3494
3414
3600
3536
3522
3514
3518
3562
3558
3542
3580
3570
3524
3544
3534
3598
3584
3506
3560
3516
3546
3502
3594
3568
3540
3504
3532
3590
3586
3574
3508
3564
3556
3578
3576
3596
3510
3566
3520
3582
3552
3548
3512
3538
3530
3526
3554
3588
3550
3528
3592
3572
3662
3636
3694
3634
3688
3614
3682
3642
3670
3690
3700
3658
3616
3684
3606
3686
3640
3638
3672
3664
3676
3646
3650
3624
3668
3666
3602
3618
3612
3648
3698
3674
3610
3660
3626
3608
3632
3654
3680
3604
3678
3692
3644
3622
3628
3620
3630
3652
3696
3656
3768
3770
3762
3718
3752
3704
3702
3720
3760
3708
3742
3754
3796
3722
3800
3766
3712
3774
3744
3794
3732
3776
3738
3736
3714
3724
3728
3788
3786
3750
3792
3778
3710
3758
3772
3740
3780
3798
3730
3706
3734
3746
3748
3726
3790
3716
3756
3784
3764
3782
3858
3824
3810
3842
3844
3806
3848
3886
3890
3802
3866
3832
3814
3880
3812
3862
3860
3900
3826
3836
3840
3892
3882
3850
3888
3856
3854
3838
3878
3874
3898
3864
3872
3804
3834
3828
3830
3894
3884
3876
3822
3818
3870
3896
3820
3846
3816
3808
3852
3868
3958
3960
3966
3928
3918
3934
3936
3942
3972
3980
3982
3938
3956
3970
3944
3930
3964
3986
3990
3926
3902
3952
3948
4000
3976
3912
3916
3932
3968
3984
3996
3974
3920
3954
3922
3946
3906
3992
3950
3910
3988
3908
3904
3940
3962
3914
3978
3998
3924
3994
4018
4086
4096
4048
4052
4098
4034
4012
4094
4054
4002
4074
4060
4026
4064
4082
4062
4010
4022
4072
4088
4032
4070
4056
4006
4076
4046
4008
4050
4014
4080
4038
4016
4004
4044
4020
4084
4042
4090
4024
4036
4092
4066
4028
4040
4058
4030
4100
4068
4078
4104
4134
4126
4120
4114
4146
4110
4184
4182
4166
4172
4168
4200
4124
4164
4180
4148
4196
4188
4118
4174
4142
4122
4108
4152
4112
4186
4130
4190
4138
4198
4116
4170
4140
4144
4102
4192
4160
4176
4136
4150
4156
4162
4132
4154
4106
4128
4158
4178
4194
4250
4294
4258
4266
4212
4254
4288
4222
4286
4274
4278
4218
4280
4230
4262
4272
4220
4206
4246
4214
4292
4202
4204
4232
4234
4270
4208
4216
4240
4242
4260
4252
4300
4290
4226
4236
4276
4256
4224
4238
4244
4282
4296
4228
4284
4264
4210
4268
4248
4298
4394
4362
4396
4382
4360
4324
4332
4334
4356
4308
4312
4364
4354
4344
4316
4342
4398
4352
4386
4302
4350
4306
4372
4370
4348
4304
4322
4374
4328
4336
4358
4346
4384
4320
4330
4368
4378
4338
4314
4340
4390
4392
4376
4366
4388
4380
4400
4310
4318
4326
4496
4446
4450
4434
4462
4416
4474
4494
4428
4440
4422
4478
4406
4470
4460
4412
4410
4484
4490
4426
4452
4420
4444
4468
4476
4448
4454
4458
4466
4408
4418
4438
4498
4456
4442
4486
4492
4436
4432
4404
4424
4480
4464
4488
4414
4500
4472
4482
4430
4402
4534
4516
4586
4600
4550
4514
4556
4596
4528
4564
4522
4568
4520
4554
4588
4512
4594
4502
4538
4524
4576
4570
4574
4592
4566
4584
4504
4582
4508
4506
4532
4548
4590
4572
4544
4562
4510
4542
4598
4546
4540
4558
4530
4536
4518
4560
4578
4526
4552
4580
4634
4648
4608
4630
4638
4618
4686
4642
4616
4674
4690
4660
4612
4650
4636
4684
4602
4640
4624
4606
4664
4668
4676
4666
4682
4692
4654
4678
4672
4614
4680
4694
4644
4656
4628
4652
4626
4604
4670
4662
4632
4610
4622
4646
4658
4620
4698
4696
4688
4700
4772
4730
4786
4744
4716
4798
4710
4706
4754
4796
4732
4756
4780
4712
4758
4790
4746
4748
4762
4774
4752
4738
4784
4788
4714
4722
4766
4724
4708
4728
4740
4778
4800
4742
4768
4782
4734
4770
4794
4764
4702
4704
4750
4736
4720
4776
4718
4726
4760
4792
4810
4806
4870
4816
4850
4824
4884
4842
4852
4858
4874
4838
4878
4862
4832
4876
4844
4886
4880
4814
4856
4864
4860
4840
4872
4826
4802
4896
4812
4830
4818
4804
4808
4828
4854
4892
4848
4846
4894
4868
4836
4834
4898
4888
4890
4882
4866
4820
4900
4822
4946
4982
4954
4936
4964
4940
4912
4914
4988
4980
4978
4934
4992
4996
4918
4948
4924
4932
5000
4968
4970
4974
4952
4926
4930
4904
4972
4994
4984
4920
4990
4986
4910
4958
4928
4938
4942
4944
4962
4998
4908
4950
4906
4922
4956
4902
4960
4916
4976
4966
5096
5062
5016
5050
5006
5028
5020
5100
5014
5024
5040
5044
5092
5084
5022
5012
5042
5080
5038
5068
5094
5046
5036
5026
5004
5060
5054
5076
5034
5078
5018
5070
5008
5098
5030
5048
5032
5064
5088
5058
5072
5010
5002
5056
5086
5082
5066
5090
5052
5074
5132
5150
5122
5126
5190
5196
5168
5180
5134
5156
5160
5144
5148
5116
5178
5112
5152
5166
5106
5170
5174
5198
5188
5114
5142
5154
5176
5124
5172
5194
5146
5128
5138
5182
5192
5110
5118
5164
5104
5102
5108
5162
5140
5158
5200
5130
5120
5186
5136
5184
5268
5250
5264
5212
5272
5278
5288
5246
5238
5230
5256
5226
5296
5220
5234
5248
5276
5284
5222
5260
5252
5232
5228
5244
5236
5262
5242
5224
5300
5274
5210
5202
5216
5204
5214
5292
5240
5266
5290
5280
5270
5258
5208
5206
5298
5254
5282
5286
5294
5218
5352
5302
5380
5322
5320
5364
5374
5328
5330
5368
5376
5358
5392
5382
5312
5396
5348
5362
5378
5314
5338
5356
5372
5316
5310
5318
5388
5394
5334
5308
5386
5350
5332
5326
5384
5400
5336
5306
5324
5304
5398
5346
5344
5366
5370
5342
5340
5354
5390
5360
5410
5406
5442
5434
5494
5498
5496
5462
5422
5492
5440
5430
5448
5458
5488
5402
5418
5436
5404
5464
5482
5426
5446
5490
5500
5414
5438
5432
5416
5456
5420
5452
5480
5472
5444
5466
5450
5412
5476
5454
5408
5424
5428
5470
5478
5460
5486
5474
5484
5468
5594
5538
5506
5564
5526
5570
5558
5520
5502
5510
5574
5588
5550
5542
5514
5536
5578
5508
5580
5592
5524
5512
5584
5590
5566
5554
5600
5560
5532
5556
5568
5576
5530
5562
5540
5518
5598
5544
5548
5552
5572
5596
5522
5516
5582
5504
5546
5534
5586
5528
5630
5620
5650
5658
5642
5680
5700
5622
5648
5638
5606
5628
5640
5602
5660
5652
5670
5690
5668
5610
5672
5608
5676
5618
5666
5644
5624
5616
5678
5696
5664
5694
5686
5674
5682
5632
5692
5684
5636
5604
5614
5626
5646
5688
5698
5634
5654
5656
5612
5662
5752
5800
5774
5712
5706
5782
5776
5754
5716
5780
5764
5790
5704
5784
5738
5724
5772
5768
5710
5756
5720
5788
5770
5702
5736
5714
5718
5778
5758
5742
5766
5786
5794
5730
5722
5746
5734
5798
5760
5748
5708
5740
5796
5732
5792
5744
5750
5762
5728
5726
5828
5816
5856
5820
5868
5818
5826
5894
5848
5830
5852
5886
5870
5888
5802
5898
5806
5836
5880
5866
5896
5840
5882
5900
5862
5838
5804
5876
5878
5810
5832
5884
5822
5858
5812
5854
5844
5890
5808
5846
5860
5850
5892
5874
5872
5842
5834
5864
5814
5824
5906
5974
5968
5986
5942
5946
5910
5928
5996
5934
5972
5950
5994
5984
5936
5912
5962
5930
5978
5956
5980
5940
5908
5902
5982
5958
5904
5960
5924
5938
5990
5988
5952
5918
5916
5944
5920
5948
5926
5992
5914
5932
5998
5964
6000
5954
5922
5966
5976
5970
6086
6056
6062
6088
6068
6048
6026
6046
6018
6016
6042
6036
6084
6094
6044
6020
6074
6012
6070
6060
6004
6024
6002
6066
6054
6082
6058
6090
6078
6076
6028
6096
6006
6014
6010
6100
6092
6098
6072
6030
6032
6022
6008
6080
6034
6038
6064
6040
6052
6050
6152
6146
6178
6134
6124
6194
6120
6104
6150
6196
6126
6116
6144
6180
6192
6148
6190
6156
6136
6186
6132
6188
6168
6140
6184
6154
6122
6164
6170
6160
6172
6198
6108
6182
6128
6200
6142
6158
6166
6102
6106
6112
6114
6174
6162
6130
6118
6138
6176
6110
6206
6286
6274
6238
6228
6270
6224
6226
6288
6284
6212
6300
6296
6234
6254
6292
6256
6268
6276
6258
6250
6282
6214
6248
6202
6240
6220
6230
6204
6208
6260
6218
6298
6294
6210
6236
6272
6242
6280
6278
6264
6216
6290
6232
6222
6266
6252
6262
6244
6246
6344
6316
6392
6350
6382
6336
6376
6310
6332
6360
6370
6372
6328
6398
6308
6302
6396
6322
6324
6368
6362
6312
6342
6356
6364
6314
6400
6306
6348
6334
6340
6338
6388
6394
6380
6318
6352
6366
6320
6326
6374
6346
6384
6378
6354
6386
6330
6358
6390
6304
6442
6414
6498
6460
6482
6434
6424
6418
6490
6450
6406
6474
6464
6454
6476
6452
6448
6430
6444
6404
6456
6478
6438
6440
6472
6446
6410
6462
6412
6416
6468
6486
6402
6500
6480
6426
6436
6458
6432
6408
6492
6484
6488
6420
6428
6422
6494
6496
6466
6470
6524
6522
6588
6568
6598
6562
6574
6580
6526
6556
6552
6520
6516
6510
6518
6534
6548
6586
6558
6582
6564
6502
6536
6512
6528
6576
6530
6596
6546
6540
6570
6506
6550
6600
6554
6590
6566
6544
6572
6504
6584
6578
6508
6592
6532
6514
6538
6594
6542
6560
6618
6670
6662
6680
6674
6614
6608
6604
6676
6696
6700
6690
6634
6650
6630
6602
6692
6638
6686
6642
6616
6660
6666
6668
6628
6654
6636
6684
6664
6652
6694
6626
6648
6624
6698
6646
6682
6678
6644
6610
6622
6640
6656
6688
6606
6632
6658
6612
6620
6672
6718
6770
6712
6738
6758
6796
6784
6764
6754
6744
6740
6746
6774
6788
6790
6714
6778
6736
6760
6800
6776
6720
6708
6716
6722
6726
6782
6734
6756
6710
6752
6728
6750
6730
6748
6702
6762
6786
6792
6772
6768
6706
6742
6732
6704
6798
6724
6794
6780
6766
6900
6868
6814
6832
6870
6850
6836
6894
6838
6892
6862
6822
6812
6864
6816
6898
6802
6876
6806
6820
6808
6844
6840
6890
6884
6804
6872
6828
6882
6824
6888
6856
6830
6874
6880
6878
6818
6848
6826
6810
6858
6854
6842
6866
6834
6860
6852
6896
6886
6846
6938
6962
6992
6922
6940
6924
6930
7000
6914
6932
6936
6902
6956
6966
6904
6920
6980
6946
6990
6972
6934
6982
6950
6942
6906
6996
6958
6926
6994
6948
6988
6928
6986
6998
6916
6910
6912
6952
6954
6944
6976
6908
6984
6964
6978
6918
6960
6974
6968
6970
7078
7032
7006
7070
7004
7022
7010
7044
7020
7074
7084
7024
7094
7062
7036
7012
7058
7054
7046
7092
7056
7002
7086
7068
7038
7072
7076
7028
7050
7100
7080
7096
7090
7066
7014
7034
7098
7082
7088
7018
7016
7048
7030
7052
7026
7060
7008
7040
7042
7064
7110
7166
7174
7128
7160
7172
7130
7184
7108
7136
7162
7180
7142
7156
7134
7122
7182
7138
7148
7178
7120
7200
7150
7158
7106
7188
7186
7140
7124
7146
7196
7198
7190
7132
7112
7192
7116
7126
7144
7118
7164
7152
7102
7176
7114
7168
7194
7104
7154
7170
7274
7292
7232
7228
7282
7226
7210
7218
7280
7296
7286
7268
7206
7240
7238
7224
7208
7248
7264
7290
7272
7202
7262
7236
7284
7214
7278
7270
7212
7252
7216
7298
7234
7288
7266
7300
7254
7230
7294
7246
7220
7204
7244
7258
7256
7276
7222
7250
7260
7242
7378
7380
7334
7332
7318
7316
7382
7366
7336
7326
7386
7350
7364
7394
7392
7328
7324
7330
7376
7370
7384
7344
7372
7304
7368
7374
7390
7400
7340
7354
7320
7314
7356
7362
7348
7358
7396
7312
7346
7360
7338
7302
7306
7308
7322
7310
7398
7342
7388
7352
7442
7454
7452
7416
7422
7450
7476
7428
7468
7446
7492
7434
7498
7458
7438
7420
7500
7480
7412
7408
7464
7432
7424
7440
7436
7470
7430
7462
7418
7460
7490
7488
7484
7402
7482
7474
7410
7486
7444
7414
7466
7472
7448
7494
7478
7496
7456
7406
7426
7404
7546
7548
7524
7522
7570
7506
7584
7550
7564
7502
7552
7556
7512
7596
7508
7544
7586
7518
7540
7534
7576
7516
7558
7538
7526
7598
7568
7588
7532
7594
7542
7572
7574
7560
7562
7530
7528
7590
7578
7566
7554
7520
7510
7582
7536
7504
7600
7580
7514
7592
7602
7676
7696
7650
7630
7686
7666
7628
7692
7604
7616
7608
7678
7644
7620
7672
7658
7660
7626
7662
7642
7636
7664
7684
7618
7634
7624
7614
7698
7700
7682
7674
7688
7606
7622
7640
7612
7646
7680
7694
7654
7656
7648
7632
7652
7610
7638
7668
7670
7690
7768
7720
7780
7718
7724
7748
7710
7728
7772
7766
7774
7764
7702
7786
7738
7740
7736
7714
7730
7712
7756
7796
7762
7798
7750
7794
7752
7726
7734
7746
7744
7704
7784
7742
7770
7732
7754
7788
7792
7722
7782
7778
7758
7800
7790
7708
7760
7716
7706
7776
7818
7854
7826
7848
7814
7812
7802
7816
7894
7840
7844
7866
7806
7842
7896
7822
7862
7874
7850
7886
7834
7878
7832
7858
7872
7888
7880
7836
7876
7828
7882
7868
7884
7892
7808
7820
7864
7846
7856
7898
7838
7860
7890
7852
7810
7900
7870
7830
7824
7804
7948
7982
7958
7960
7964
7974
7916
7904
7972
7908
7996
7962
7998
7932
7914
7944
7984
7906
7920
7986
7910
7992
7954
7934
7936
7966
7988
7902
7952
7950
7918
7924
7940
7980
7994
7926
7978
7930
7968
7912
7956
7938
7976
7928
7970
7922
7946
7990
8000
7942
8096
8032
8072
8070
8088
8034
8010
8022
8048
8026
8060
8058
8054
8090
8038
8040
8014
8044
8002
8084
8078
8020
8064
8094
8028
8098
8052
8076
8046
8006
8074
8092
8080
8050
8086
8068
8066
8012
8056
8042
8082
8100
8004
8018
8036
8062
8016
8030
8008
8024
8102
8200
8140
8148
8186
8114
8158
8166
8184
8138
8174
8156
8144
8160
8190
8146
8192
8162
8112
8118
8104
8188
8176
8168
8120
8150
8198
8194
8122
8126
8124
8170
8132
8128
8142
8180
8154
8164
8130
8172
8196
8136
8182
8108
8134
8152
8106
8110
8178
8116
8232
8202
8292
8290
8226
8282
8236
8270
8234
8280
8264
8240
8224
8288
8242
8266
8210
8252
8244
8254
8218
8286
8258
8238
8246
8206
8222
8260
8296
8212
8216
8300
8294
8262
8298
8268
8250
8256
8284
8228
8248
8230
8208
8272
8274
8278
8204
8214
8220
8276
8386
8316
8304
8376
8310
8378
8352
8396
8372
8324
8382
8388
8342
8328
8380
8336
8400
8374
8326
8322
8348
8338
8350
8330
8384
8392
8320
8368
8364
8366
8318
8358
8354
8312
8308
8356
8332
8346
8398
8334
8362
8370
8360
8314
8302
8344
8390
8340
8306
8394
8430
8448
8454
8450
8468
8420
8412
8500
8416
8460
8490
8436
8488
8434
8486
8406
8422
8492
8404
8414
8446
8456
8496
8498
8424
8442
8428
8438
8464
8470
8474
8440
8402
8452
8410
8466
8432
8462
8426
8408
8494
8480
8478
8458
8476
8472
8482
8444
8418
8484
8518
8582
8600
8550
8512
8564
8536
8516
8586
8530
8508
8588
8570
8504
8524
8556
8520
8540
8542
8532
8552
8510
8560
8538
8596
8534
8506
8548
8562
8572
8590
8584
8576
8580
8526
8528
8546
8566
8598
8502
8568
8522
8558
8574
8544
8592
8554
8594
8514
8578
8612
8682
8664
8654
8644
8676
8692
8658
8646
8684
8680
8666
8634
8622
8686
8694
8688
8632
8642
8614
8652
8698
8618
8660
8674
8620
8690
8648
8656
8678
8602
8624
8610
8662
8696
8626
8616
8670
8606
8650
8630
8668
8672
8608
8640
8628
8636
8604
8638
8700
8734
8766
8706
8704
8764
8768
8722
8782
8760
8748
8772
8750
8736
8756
8720
8778
8754
8776
8712
8730
8784
8786
8724
8790
8788
8732
8798
8780
8742
8774
8718
8710
8762
8792
8758
8702
8794
8744
8752
8746
8716
8728
8800
8740
8708
8738
8714
8770
8726
8796
8806
8828
8872
8870
8830
8882
8858
8838
8812
8844
8852
8862
8816
8874
8886
8842
8880
8810
8866
8860
8890
8898
8826
8864
8892
8896
8876
8888
8850
8836
8846
8802
8900
8804
8894
8824
8854
8832
8840
8884
8868
8818
8820
8822
8856
8834
8808
8878
8814
8848
8916
8972
8926
8944
8904
8968
8980
8932
9000
8914
8922
8936
8928
8918
8950
8908
8988
8906
8930
8942
8902
8948
8996
8984
8970
8992
8938
8974
8964
8910
8978
8920
8956
8958
8954
8962
8960
8998
8994
8934
8912
8990
8952
8982
8924
8940
8966
8946
8976
8986
9072
9032
9028
9004
9092
9088
9082
9046
9042
9014
9016
9058
9006
9086
9100
9040
9070
9074
9036
9038
9084
9008
9054
9012
9010
9002
9052
9094
9020
9022
9056
9048
9050
9060
9064
9068
9030
9018
9066
9062
9024
9026
9090
9096
9098
9034
9076
9080
9078
9044
9128
9182
9186
9162
9166
9200
9148
9194
9150
9106
9156
9110
9188
9196
9132
9136
9134
9114
9178
9154
9174
9176
9138
9118
9190
9130
9120
9180
9170
9198
9108
9126
9140
9192
9146
9164
9122
9116
9104
9124
9158
9144
9112
9160
9152
9184
9168
9102
9142
9172
9220
9290
9204
9256
9214
9222
9292
9238
9244
9266
9212
9216
9234
9240
9272
9208
9206
9278
9258
9270
9226
9284
9276
9228
9264
9260
9248
9298
9262
9224
9282
9254
9210
9274
9296
9232
9246
9236
9202
9280
9286
9250
9242
9300
9294
9268
9230
9252
9288
9218
9398
9352
9334
9386
9394
9350
9326
9338
9392
9374
9316
9336
9324
9318
9390
9308
9348
9364
9380
9378
9328
9372
9396
9314
9306
9366
9320
9346
9362
9354
9312
9358
9310
9384
9360
9376
9400
9302
9388
9332
9330
9344
9304
9382
9370
9368
9356
9340
9322
9342
9450
9428
9476
9444
9438
9432
9478
9420
9464
9484
9470
9424
9462
9482
9486
9430
9488
9422
9480
9492
9442
9410
9426
9406
9414
9452
9418
9456
9466
9468
9458
9446
9494
9416
9490
9454
9408
9472
9440
9474
9496
9460
9412
9402
9404
9498
9434
9436
9448
9500
9552
9510
9584
9554
9586
9542
9570
9502
9538
9532
9514
9526
9522
9588
9518
9564
9592
9562
9534
9546
9544
9560
9548
9512
9506
9596
9580
9550
9540
9582
9568
9516
9536
9528
9594
9600
9576
9508
9578
9572
9504
9558
9598
9566
9574
9590
9530
9520
9524
9556
9662
9624
9626
9664
9684
9676
9618
9616
9674
9654
9604
9630
9680
9632
9688
9646
9634
9648
9602
9690
9686
9652
9622
9660
9638
9692
9608
9658
9606
9640
9636
9614
9700
9644
9656
9650
9670
9696
9666
9668
9672
9698
9678
9612
9642
9620
9682
9610
9628
9694
9790
9788
9768
9730
9764
9724
9796
9710
9750
9776
9774
9742
9756
9758
9734
9736
9800
9748
9720
9746
9704
9716
9760
9784
9766
9772
9782
9780
9718
9714
9754
9752
9722
9732
9794
9744
9778
9702
9792
9762
9708
9726
9740
9770
9712
9728
9798
9706
9738
9786
9884
9804
9890
9898
9802
9810
9838
9840
9822
9894
9872
9878
9812
9848
9882
9818
9854
9876
9808
9834
9842
9862
9892
9852
9864
9866
9860
9820
9886
9880
9900
9826
9856
9832
9850
9836
9824
9844
9858
9868
9814
9896
9830
9816
9806
9870
9828
9846
9874
9888
9944
9922
9948
9964
9984
9914
9930
9962
9950
9980
9932
9998
9912
9974
9908
9978
9916
9952
9958
9956
9992
9996
9966
9936
9928
9934
9910
9982
9906
9954
9938
9968
9924
9902
9918
9942
9990
9920
9986
9994
9988
9970
9904
9976
9960
9926
9946
9940
10000
9972
10034
10084
10036
10040
10028
10044
10088
10078
10082
10090
10062
10092
10064
10014
10002
10046
10100
10048
10006
10032
10076
10012
10056
10004
10094
10096
10072
10060
10024
10010
10058
10050
10020
10054
10018
10016
10098
10008
10042
10066
10070
10038
10026
10086
10030
10022
10068
10080
10052
10074
10200
10128
10138
10174
10188
10134
10184
10162
10118
10114
10182
10120
10186
10130
10196
10170
10152
10178
10160
10132
10154
10150
10126
10102
10124
10194
10166
10116
10140
10148
10180
10108
10190
10142
10164
10156
10192
10198
10144
10112
10110
10122
10104
10176
10158
10106
10172
10168
10146
10136
10220
10274
10284
10272
10206
10286
10276
10222
10250
10228
10252
10292
10226
10270
10254
10212
10246
10266
10244
10264
10296
10238
10300
10232
10294
10204
10282
10216
10214
10256
10208
10278
10288
10268
10210
10224
10262
10234
10218
10298
10260
10240
10290
10248
10280
10258
10242
10230
10202
10236
10362
10386
10352
10344
10338
10378
10376
10312
10366
10368
10354
10358
10320
10332
10384
10392
10380
10342
10360
10356
10316
10324
10398
10400
10334
10350
10364
10336
10370
10318
10388
10348
10310
10326
10314
10346
10304
10374
10330
10390
10328
10302
10382
10306
10308
10372
10394
10396
10322
10340
10430
10434
10488
10404
10470
10460
10420
10496
10438
10492
10500
10412
10476
10408
10440
10406
10410
10494
10472
10462
10432
10480
10490
10486
10498
10452
10458
10418
10484
10424
10450
10422
10474
10444
10426
10456
10414
10448
10468
10428
10436
10442
10464
10454
10446
10416
10482
10466
10402
10478
10506
10578
10586
10544
10600
10542
10564
10588
10512
10530
10560
10598
10590
10522
10536
10550
10554
10566
10594
10538
10504
10568
10592
10584
10514
10532
10570
10596
10548
10502
10572
10518
10526
10534
10520
10580
10528
10552
10540
10558
10562
10524
10582
10510
10516
10574
10508
10576
10556
10546
10696
10680
10656
10660
10606
10640
10626
10688
10664
10612
10620
10662
10694
10630
10676
10700
10608
10616
10644
10602
10654
10682
10692
10698
10638
10642
10648
10632
10668
10604
10650
10636
10614
10678
10658
10624
10686
10618
10646
10666
10622
10670
10674
10684
10628
10652
10634
10690
10610
10672
10794
10786
10722
10712
10750
10798
10724
10736
10792
10784
10762
10780
10704
10710
10744
10796
10774
10740
10728
10790
10734
10768
10706
10782
10770
10708
10756
10752
10702
10720
10718
10766
10788
10754
10732
10716
10748
10738
10730
10758
10760
10764
10746
10776
10778
10742
10772
10800
10714
10726
10844
10856
10816
10852
10878
10862
10876
10818
10840
10872
10808
10806
10896
10804
10882
10812
10810
10860
10824
10864
10828
10830
10854
10874
10814
10886
10900
10822
10838
10884
10868
10802
10820
10842
10846
10888
10832
10848
10834
10850
10890
10826
10892
10880
10858
10898
10894
10866
10870
10836
10926
10928
10956
10966
10996
10946
10988
10972
10986
10970
10916
10920
10944
10912
10934
10922
11000
10918
10994
10904
10958
10902
10954
10976
10992
10982
10906
10936
10980
10932
10938
10950
10984
10960
10908
10962
10914
10910
10998
10968
10924
10930
10948
10942
10964
10990
10978
10952
10940
10974
11094
11008
11044
11058
11098
11036
11070
11032
11060
11078
11080
11074
11042
11068
11028
11052
11072
11088
11090
11002
11054
11064
11022
11062
11034
11020
11030
11096
11004
11026
11012
11084
11006
11046
11076
11082
11056
11086
11014
11024
11010
11050
11048
11016
11018
11100
11038
11092
11040
11066
11200
11198
11144
11184
11194
11102
11140
11152
11168
11172
11146
11164
11114
11160
11112
11124
11188
11138
11162
11150
11158
11170
11128
11104
11110
11154
11130
11148
11176
11120
11136
11132
11166
11116
11122
11186
11134
11192
11106
11118
11126
11156
11178
11142
11196
11108
11180
11174
11190
11182
11274
11242
11206
11228
11264
11262
11266
11240
11254
11218
11210
11226
11204
11214
11250
11236
11268
11208
11246
11296
11280
11258
11238
11294
11284
11272
11292
11252
11286
11216
11270
11282
11290
11300
11232
11256
11288
11248
11220
11298
11276
11234
11212
11278
11230
11202
11222
11244
11260
11224
11360
11358
11308
11312
11306
11396
11356
11320
11352
11326
11336
11324
11362
11388
11322
11310
11344
11304
11398
11394
11392
11400
11376
11348
11346
11370
11332
11374
11364
11380
11340
11372
11314
11302
11342
11386
11384
11334
11354
11366
11382
11368
11378
11318
11390
11316
11330
11350
11328
11338
11500
11434
11428
11458
11426
11422
11436
11468
11402
11442
11464
11492
11430
11484
11416
11498
11480
11432
11420
11490
11496
11452
11418
11470
11472
11410
11462
11486
11474
11456
11448
11440
11476
11424
11488
11494
11438
11412
11478
11466
11460
11446
11414
11454
11406
11482
11404
11444
11450
11408
11570
11566
11576
11586
11542
11568
11540
11582
11512
11550
11538
11506
11560
11514
11522
11572
11558
11534
11590
11510
11508
11528
11596
11530
11584
11574
11502
11526
11554
11562
11564
11598
11518
11532
11594
11516
11588
11536
11556
11544
11546
11600
11552
11578
11520
11580
11548
11524
11592
11504
11666
11674
11642
11618
11654
11626
11628
11636
11668
11658
11632
11630
11624
11648
11698
11694
11646
11678
11690
11614
11612
11602
11638
11640
11670
11680
11684
11616
11696
11650
11660
11644
11606
11686
11700
11656
11692
11608
11664
11652
11676
11662
11604
11634
11672
11682
11622
11620
11610
11688
11738
11790
11744
11792
11772
11768
11714
11764
11780
11800
11794
11720
11702
11722
11728
11776
11726
11782
11724
11770
11752
11784
11754
11786
11778
11766
11742
11760
11762
11774
11704
11710
11734
11732
11716
11746
11748
11708
11706
11718
11750
11758
11796
11712
11756
11740
11788
11730
11736
11798
11838
11810
11844
11856
11820
11882
11886
11892
11900
11874
11832
11836
11852
11870
11876
11850
11888
11806
11802
11890
11842
11898
11858
11864
11840
11884
11848
11860
11822
11818
11804
11878
11808
11872
11824
11826
11812
11830
11814
11896
11854
11834
11862
11816
11866
11894
11828
11880
11868
11846
11910
11968
11908
11906
11918
11996
11980
11940
11970
11958
11960
11988
11924
11922
12000
11982
11994
11974
11928
11976
11914
11938
11936
11962
11920
11964
11952
11984
11998
11990
11986
11972
11956
11946
11930
11934
11950
11992
11948
11942
11978
11966
11926
11932
11902
11904
11954
11916
11912
11944
12056
12010
12050
12046
12030
12048
12062
12068
12004
12092
12080
12014
12040
12054
12032
12036
12060
12094
12086
12034
12078
12038
12076
12016
12082
12022
12026
12072
12090
12018
12100
12084
12002
12024
12058
12012
12070
12052
12096
12042
12008
12028
12066
12064
12098
12044
12088
12006
12020
12074
12182
12152
12134
12112
12108
12162
12174
12126
12200
12166
12130
12186
12194
12128
12118
12196
12178
12176
12116
12154
12142
12132
12168
12160
12148
12136
12110
12140
12120
12122
12188
12180
12172
12104
12184
12192
12124
12114
12164
12138
12102
12106
12170
12198
12146
12150
12158
12144
12156
12190
12262
12266
12206
12290
12288
12278
12250
12236
12218
12248
12280
12298
12276
12234
12286
12254
12202
12226
12242
12232
12216
12282
12244
12274
12210
12222
12268
12224
12264
12220
12212
12256
12294
12300
12292
12272
12258
12240
12260
12228
12238
12208
12230
12246
12270
12204
12252
12284
12296
12214
12332
12394
12380
12308
12368
12340
12392
12374
12314
12328
12348
12362
12304
12398
12378
12366
12302
12316
12370
12352
12384
12386
12372
12356
12390
12322
12342
12320
12388
12334
12318
12346
12326
12360
12306
12396
12338
12344
12330
12354
12350
12358
12364
12312
12324
12376
12382
12400
12310
12336
12436
12462
12412
12406
12484
12458
12452
12454
12442
12494
12434
12424
12488
12500
12446
12420
12478
12480
12466
12492
12428
12450
12430
12468
12410
12408
12440
12470
12496
12476
12460
12422
12418
12498
12486
12456
12416
12474
12402
12482
12490
12432
12448
12404
12444
12438
12464
12414
12472
12426
12578
12592
12576
12568
12582
12506
12520
12562
12600
12564
12598
12524
12530
12586
12502
12554
12518
12570
12528
12542
12588
12560
12510
12572
12566
12534
12584
12516
12544
12596
12512
12594
12558
12504
12526
12532
12508
12550
12590
12548
12574
12538
12580
12514
12540
12556
12552
12546
12522
12536
12692
12606
12660
12686
12620
12612
12616
12672
12680
12628
12694
12652
12658
12678
12642
12690
12632
12602
12674
12676
12696
12650
12654
12684
12644
12656
12638
12670
12622
12614
12626
12608
12700
12640
12698
12648
12634
12646
12688
12604
12664
12666
12630
12668
12624
12662
12618
12682
12610
12636
12762
12716
12724
12744
12766
12730
12796
12728
12774
12738
12760
12736
12786
12784
12742
12712
12770
12794
12780
12792
12772
12764
12708
12750
12768
12790
12752
12722
12798
12732
12718
12776
12734
12726
12706
12748
12778
12714
12756
12754
12788
12720
12740
12782
12710
12704
12702
12746
12758
12800
12836
12872
12850
12842
12888
12900
12882
12868
12894
12896
12824
12816
12862
12826
12886
12860
12898
12838
12856
12846
12822
12808
12830
12832
12892
12812
12810
12848
12852
12840
12820
12878
12866
12806
12874
12880
12804
12884
12864
12870
12854
12818
12814
12876
12828
12802
12890
12834
12844
12858
12938
13000
12914
12990
12952
12984
12928
12970
12916
12934
12956
12966
12948
12982
12944
12974
12946
12960
12968
12940
12986
12954
12920
12976
12930
12904
12994
12902
12926
12908
12942
12932
12972
12912
12988
12958
12978
12924
12980
12962
12922
12998
12964
12936
12996
12906
12992
12918
12910
12950
13040
13050
13046
13032
13020
13074
13004
13100
13054
13092
13080
13014
13022
13082
13024
13036
13038
13042
13010
13094
13096
13068
13088
13098
13044
13066
13076
13008
13058
13052
13012
13084
13030
13090
13072
13018
13002
13048
13086
13062
13078
13070
13026
13060
13028
13016
13006
13034
13056
13064
13120
13180
13122
13196
13156
13166
13194
13152
13192
13136
13126
13134
13142
13186
13172
13146
13150
13190
13158
13164
13110
13140
13154
13106
13162
13160
13184
13200
13116
13176
13114
13188
13102
13168
13132
13182
13178
13148
13174
13104
13138
13144
13124
13198
13108
13170
13112
13118
13128
13130
13268
13290
13206
13274
13294
13260
13254
13266
13222
13248
13220
13212
13228
13276
13204
13280
13224
13292
13246
13300
13264
13226
13244
13278
13258
13234
13256
13216
13218
13252
13296
13238
13262
13288
13210
13236
13298
13230
13202
13270
13272
13242
13282
13208
13250
13286
13214
13240
13232
13284
13356
13324
13350
13348
13302
13330
13374
13308
13316
13390
13354
13370
13396
13384
13334
13380
13318
13340
13400
13322
13344
13346
13372
13368
13338
13362
13398
13336
13364
13376
13360
13314
13304
13366
13332
13306
13352
13382
13326
13386
13312
13358
13320
13392
13342
13388
13328
13394
13378
13310
13422
13432
13468
13426
13458
13444
13436
13442
13404
13420
13470
13418
13450
13406
13478
13496
13448
13428
13456
13486
13416
13500
13440
13446
13484
13424
13498
13408
13460
13434
13466
13402
13452
13482
13490
13438
13492
13412
13462
13488
13454
13494
13480
13474
13464
13476
13410
13414
13472
13430
13530
13540
13524
13554
13550
13510
13592
13578
13544
13588
13536
13548
13502
13542
13574
13538
13576
13564
13560
13558
13552
13562
13598
13594
13520
13568
13526
13528
13582
13516
13546
13508
13600
13596
13534
13518
13586
13580
13532
13584
13572
13514
13512
13566
13504
13556
13506
13590
13570
13522
13616
13668
13626
13664
13670
13610
13644
13632
13640
13658
13652
13650
13694
13602
13604
13688
13698
13690
13634
13660
13606
13608
13624
13686
13656
13648
13636
13696
13628
13614
13618
13630
13638
13674
13678
13684
13646
13622
13682
13662
13692
13680
13642
13666
13612
13672
13700
13676
13654
13620
13756
13788
13796
13792
13704
13772
13782
13800
13774
13718
13708
13742
13794
13710
13776
13720
13770
13716
13784
13758
13702
13728
13730
13766
13724
13750
13798
13768
13712
13744
13780
13754
13714
13778
13722
13746
13732
13764
13740
13786
13736
13734
13790
13760
13748
13738
13752
13762
13706
13726
13890
13860
13864
13856
13808
13868
13850
13812
13876
13858
13866
13844
13806
13886
13822
13874
13818
13854
13852
13898
13872
13816
13848
13840
13832
13846
13824
13802
13878
13884
13870
13900
13882
13804
13826
13838
13814
13892
13830
13828
13810
13842
13896
13834
13888
13820
13836
13894
13862
13880
13972
14000
13990
13942
13998
13994
13962
13916
13944
13922
13952
13936
13984
13932
13964
13930
13914
13986
13908
13988
13910
13960
13946
13996
13924
13958
13974
13980
13948
13928
13956
13970
13934
13992
13966
13920
13954
13904
13912
13926
13918
13982
13902
13950
13976
13906
13968
13978
13940
13938
14056
14058
14096
14018
14070
14042
14008
14012
14006
14030
14052
14080
14098
14038
14028
14032
14084
14086
14044
14010
14064
14016
14082
14074
14060
14100
14026
14048
14092
14050
14014
14094
14004
14054
14036
14068
14090
14066
14034
14040
14078
14088
14062
14020
14046
14002
14024
14072
14076
14022
14178
14118
14104
14200
14184
14132
14154
14130
14144
14176
14194
14196
14122
14108
14190
14168
14146
14166
14112
14198
14182
14140
14136
14116
14160
14120
14126
14148
14114
14158
14106
14150
14156
14110
14174
14134
14180
14142
14186
14188
14170
14164
14192
14152
14128
14138
14162
14102
14172
14124
14226
14208
14246
14300
14262
14258
14244
14284
14214
14204
14250
14248
14238
14220
14218
14292
14296
14294
14282
14206
14240
14270
14236
14254
14290
14286
14260
14230
14216
14274
14222
14266
14202
14298
14272
14264
14278
14242
14280
14256
14288
14276
14234
14210
14228
14252
14212
14232
14224
14268
14310
14362
14326
14360
14368
14342
14308
14356
14330
14376
14346
14380
14318
14340
14320
14328
14390
14366
14388
14372
14370
14400
14350
14312
14396
14354
14322
14316
14386
14392
14348
14338
14334
14336
14306
14374
14364
14332
14398
14378
14352
14344
14304
14302
14358
14382
14314
14384
14394
14324
14422
14470
14476
14444
14486
14472
14408
14478
14404
14500
14412
14460
14450
14482
14418
14442
14498
14430
14468
14496
14402
14490
14484
14424
14462
14440
14456
14406
14416
14426
14448
14428
14432
14438
14466
14464
14480
14452
14492
14420
14474
14454
14436
14494
14434
14446
14458
14414
14488
14410
14534
14502
14596
14520
14574
14530
14570
14528
14586
14508
14588
14552
14568
14560
14526
14572
14592
14538
14598
14522
14566
14556
14582
14562
14512
14516
14600
14514
14506
14518
14542
14540
14504
14580
14554
14584
14576
14536
14546
14594
14590
14524
14548
14578
14532
14510
14550
14558
14564
14544
14632
14656
14648
14650
14644
14602
14640
14694
14630
14616
14686
14620
14696
14688
14606
14658
14660
14622
14678
14666
14610
14670
14674
14700
14624
14604
14608
14680
14634
14668
14626
14652
14684
14642
14618
14672
14698
14654
14676
14692
14690
14664
14662
14638
14646
14628
14614
14682
14612
14636
14776
14794
14762
14732
14798
14788
14780
14750
14782
14714
14704
14756
14738
14706
14716
14760
14754
14764
14766
14712
14728
14722
14792
14720
14786
14724
14740
14796
14768
14758
14784
14748
14744
14746
14752
14718
14800
14708
14790
14710
14770
14736
14702
14730
14778
14774
14734
14726
14742
14772
14886
14876
14844
14838
14854
14834
14808
14818
14898
14858
14894
14890
14830
14856
14870
14826
14820
14832
14836
14828
14882
14806
14810
14812
14860
14868
14900
14892
14850
14880
14848
14822
14840
14816
14864
14846
14866
14852
14878
14842
14824
14884
14814
14888
14862
14802
14896
14804
14872
14874
14924
14958
14972
14996
14912
14956
14950
14942
14952
14946
14908
14920
14904
14980
14930
14992
14934
14970
14962
14926
14922
14960
14948
14994
14982
14932
15000
14906
14918
14936
14964
14984
14990
14976
14966
14954
14944
14974
14988
14928
14914
14916
14986
14902
14998
14910
14940
14978
14938
14968
15090
15044
15096
15094
15018
15088
15010
15050
15060
15080
15086
15034
15100
15064
15008
15042
15098
15066
15022
15014
15070
15068
15024
15054
15076
15078
15082
15058
15038
15040
15046
15028
15016
15084
15092
15056
15026
15036
15004
15032
15074
15020
15012
15030
15062
15052
15048
15002
15072
15006
15134
15116
15196
15198
15166
15136
15108
15200
15164
15174
15160
15184
15120
15190
15130
15142
15182
15154
15172
15126
15192
15112
15148
15110
15186
15104
15140
15132
15176
15114
15178
15156
15180
15124
15128
15122
15118
15146
15150
15102
15144
15194
15152
15168
15188
15170
15138
15158
15162
15106
15208
15282
15232
15218
15256
15276
15244
15210
15270
15258
15298
15250
15274
15206
15220
15268
15272
15296
15242
15260
15288
15236
15278
15262
15202
15214
15248
15222
15284
15238
15228
15234
15230
15254
15224
15226
15294
15300
15290
15266
15212
15264
15280
15240
15286
15292
15252
15204
15246
15216
15396
15338
15386
15336
15388
15350
15316
15358
15354
15374
15348
15324
15304
15328
15392
15318
15376
15400
15314
15378
15308
15364
15368
15362
15384
15340
15360
15372
15330
15390
15346
15366
15312
15342
15370
15302
15306
15394
15398
15320
15310
15326
15380
15344
15382
15332
15322
15352
15356
15334
15410
15476
15442
15452
15434
15460
15484
15406
15432
15474
15468
15464
15458
15500
15492
15498
15466
15470
15480
15490
15472
15438
15496
15416
15482
15430
15456
15402
15486
15404
15440
15426
15408
15494
15488
15412
15428
15448
15436
15444
15414
15450
15478
15422
15454
15424
15418
15420
15462
15446
15512
15598
15568
15514
15580
15520
15506
15586
15538
15578
15588
15510
15562
15504
15522
15524
15592
15544
15594
15532
15556
15600
15574
15542
15516
15528
15560
15550
15540
15530
15570
15558
15534
15564
15526
15546
15508
15582
15518
15572
15502
15584
15576
15590
15552
15566
15548
15536
15596
15554
15652
15644
15626
15668
15628
15612
15648
15700
15690
15640
15656
15646
15664
15698
15610
15624
15686
15634
15606
15622
15684
15660
15688
15632
15650
15608
15630
15604
15636
15616
15680
15620
15694
15666
15662
15672
15696
15682
15692
15638
15618
15674
15642
15678
15670
15658
15614
15676
15602
15654
15730
15764
15712
15748
15726
15732
15740
15792
15710
15744
15794
15734
15766
15758
15774
15738
15788
15708
15768
15754
15762
15714
15722
15778
15724
15784
15760
15706
15772
15800
15702
15770
15798
15786
15782
15776
15704
15796
15720
15790
15728
15742
15716
15718
15752
15736
15756
15750
15746
15780
15838
15858
15892
15834
15898
15890
15832
15828
15820
15860
15802
15848
15812
15900
15888
15864
15810
15854
15894
15814
15856
15842
15874
15882
15878
15884
15808
15816
15868
15880
15830
15850
15804
15822
15844
15870
15896
15818
15876
15852
15806
15872
15824
15846
15866
15862
15836
15826
15840
15886
16000
15904
15902
15996
15946
15932
15982
15918
15958
15928
15962
15988
15986
15908
15960
15914
15912
15944
15994
15916
15970
15992
15972
15940
15974
15936
15948
15950
15964
15968
15930
15952
15910
15906
15956
15922
15998
15990
15938
15926
15920
15978
15980
15984
15942
15966
15924
15954
15976
15934
16078
16012
16084
16040
16068
16060
16054
16064
16042
16018
16066
16006
16008
16048
16026
16050
16028
16086
16044
16016
16088
16002
16100
16076
16074
16096
16030
16062
16082
16024
16090
16092
16058
16014
16052
16046
16036
16010
16056
16038
16098
16070
16032
16004
16020
16034
16080
16072
16022
16094
16174
16108
16184
16130
16148
16112
16134
16150
16124
16158
16126
16146
16160
16104
16162
16180
16116
16102
16192
16136
16122
16128
16200
16110
16198
16194
16166
16114
16176
16156
16164
16154
16118
16182
16106
16132
16190
16196
16172
16138
16188
16152
16144
16120
16170
16142
16168
16140
16178
16186
16248
16238
16280
16256
16202
16276
16298
16270
16216
16262
16258
16264
16278
16222
16284
16244
16224
16242
16288
16204
16300
16236
16214
16228
16254
16282
16266
16234
16226
16294
16286
16250
16212
16290
16268
16230
16246
16232
16208
16296
16206
16260
16240
16272
16292
16218
16220
16252
16274
16210
16318
16360
16344
16392
16346
16342
16390
16396
16386
16328
16394
16368
16314
16334
16376
16350
16310
16374
16306
16336
16354
16372
16356
16378
16380
16352
16364
16304
16326
16388
16370
16316
16340
16320
16322
16366
16382
16338
16400
16398
16324
16302
16358
16348
16312
16330
16384
16308
16332
16362
16454
16422
16408
16458
16430
16442
16440
16406
16478
16480
16418
16500
16416
16496
16448
16424
16436
16438
16446
16484
16462
16460
16494
16432
16404
16474
16464
16498
16466
16452
16472
16420
16488
16402
16450
16434
16486
16410
16414
16490
16482
16470
16476
16444
16428
16456
16468
16412
16492
16426
16582
16570
16550
16520
16502
16544
16572
16554
16514
16510
16518
16600
16556
16584
16546
16540
16576
16542
16596
16538
16560
16592
16580
16590
16588
16552
16532
16586
16598
16516
16528
16522
16574
16594
16524
16564
16504
16512
16526
16530
16568
16578
16536
16534
16558
16508
16506
16548
16562
16566
16610
16674
16646
16604
16684
16692
16630
16626
16654
16642
16694
16616
16686
16656
16688
16696
16698
16612
16652
16676
16680
16678
16620
16624
16636
16658
16622
16672
16606
16650
16638
16602
16700
16632
16690
16670
16644
16640
16662
16648
16660
16628
16666
16668
16608
16634
16614
16618
16664
16682
16778
16748
16734
16756
16730
16740
16768
16788
16798
16718
16764
16782
16712
16772
16754
16714
16728
16796
16800
16784
16710
16702
16792
16708
16790
16704
16742
16726
16720
16746
16794
16770
16716
16774
16724
16752
16732
16706
16750
16744
16780
16738
16786
16762
16722
16736
16766
16758
16760
16776
16862
16828
16896
16866
16822
16838
16824
16854
16898
16832
16876
16840
16856
16884
16816
16890
16878
16842
16836
16892
16894
16872
16858
16868
16810
16846
16818
16848
16886
16900
16870
16852
16814
16830
16808
16806
16874
16820
16888
16860
16826
16834
16804
16864
16850
16812
16802
16844
16882
16880
16910
16980
16902
16906
16908
16930
16952
16954
16998
16944
16972
16986
16958
16926
16988
16968
16996
16940
16992
16950
16934
16974
16942
16928
16976
16946
16962
16916
16978
16966
16956
16948
16990
16936
16914
16920
16918
16932
16984
17000
16924
16960
16912
16982
16970
16964
16938
16904
16994
16922
17100
17012
17092
17062
17058
17020
17006
17060
17090
17028
17014
17086
17044
17036
17066
17068
17094
17050
17038
17088
17022
17004
17048
17026
17078
17096
17082
17064
17056
17072
17076
17016
17032
17040
17054
17018
17030
17098
17070
17052
17042
17008
17084
17074
17010
17002
17024
17046
17034
17080
17158
17128
17152
17194
17150
17172
17156
17104
17126
17200
17168
17112
17142
17164
17130
17154
17174
17132
17140
17182
17198
17124
17186
17160
17178
17148
17144
17136
17190
17196
17188
17120
17102
17184
17176
17122
17162
17110
17166
17146
17192
17180
17138
17134
17116
17114
17106
17108
17118
17170
17286
17218
17260
17274
17288
17280
17214
17268
17204
17238
17222
17256
17232
17206
17292
17202
17294
17242
17220
17284
17290
17250
17212
17248
17236
17252
17264
17224
17272
17228
17210
17262
17244
17216
17278
17298
17270
17254
17240
17296
17230
17226
17258
17266
17282
17208
17276
17246
17234
17300
17378
17334
17370
17346
17316
17342
17376
17362
17336
17306
17372
17386
17384
17326
17332
17398
17322
17318
17310
17324
17382
17350
17344
17304
17396
17400
17352
17314
17392
17358
17394
17366
17330
17308
17328
17388
17380
17354
17390
17338
17374
17320
17360
17312
17348
17340
17356
17368
17302
17364
17406
17444
17450
17486
17494
17436
17482
17402
17476
17440
17432
17422
17480
17404
17488
17498
17418
17478
17430
17434
17462
17460
17428
17496
17442
17464
17500
17484
17456
17448
17468
17424
17410
17420
17438
17454
17474
17452
17470
17412
17458
17416
17472
17408
17492
17414
17490
17466
17446
17426
17506
17530
17596
17588
17574
17516
17578
17564
17528
17566
17508
17532
17542
17522
17524
17586
17594
17562
17554
17568
17590
17582
17560
17558
17572
17526
17512
17514
17556
17520
17544
17584
17550
17570
17518
17536
17504
17576
17534
17548
17546
17540
17502
17552
17538
17600
17598
17510
17580
17592
17668
17676
17620
17632
17674
17606
17610
17602
17626
17662
17670
17648
17604
17638
17684
17652
17660
17616
17622
17628
17700
17654
17608
17642
17672
17678
17698
17694
17624
17682
17664
17650
17614
17690
17696
17618
17644
17656
17686
17680
17692
17612
17666
17636
17688
17640
17658
17646
17630
17634
17738
17736
17750
17702
17722
17786
17714
17792
17774
17796
17764
17708
17782
17724
17718
17734
17746
17720
17744
17780
17768
17788
17784
17756
17712
17758
17728
17754
17752
17748
17798
17726
17762
17776
17706
17732
17730
17760
17716
17766
17770
17710
17790
17742
17794
17772
17800
17704
17740
17778
17900
17828
17832
17816
17892
17896
17858
17872
17834
17810
17848
17860
17862
17868
17842
17854
17850
17884
17880
17808
17870
17886
17844
17878
17814
17804
17876
17802
17894
17890
17856
17818
17888
17820
17852
17826
17824
17806
17866
17836
17874
17838
17812
17898
17864
17830
17846
17882
17822
17840
18000
17992
17942
17936
17950
17990
17972
17922
17974
17998
17970
17958
17932
17954
17924
17952
17962
17966
17934
17938
17948
17920
17908
17930
17964
17926
17982
17994
17960
17906
17946
17978
17980
17918
17968
17956
17940
17996
17976
17916
17914
17910
17984
17986
17904
17944
17988
17902
17912
17928
18052
18076
18086
18010
18046
18068
18096
18042
18050
18014
18098
18090
18030
18064
18072
18094
18002
18028
18088
18054
18070
18006
18080
18040
18084
18066
18038
18024
18020
18056
18100
18008
18012
18026
18062
18036
18048
18004
18032
18074
18034
18060
18016
18044
18022
18018
18058
18078
18082
18092
18118
18194
18158
18132
18154
18186
18200
18102
18134
18190
18164
18156
18116
18110
18128
18140
18124
18188
18172
18148
18144
18174
18120
18142
18192
18106
18150
18152
18166
18130
18104
18138
18160
18108
18114
18180
18162
18176
18182
18168
18178
18184
18122
18136
18112
18170
18146
18198
18126
18196
18238
18204
18254
18236
18206
18234
18260
18240
18298
18220
18272
18242
18226
18228
18214
18268
18218
18244
18210
18270
18294
18300
18262
18208
18266
18288
18284
18256
18222
18296
18212
18264
18230
18274
18276
18224
18248
18290
18258
18232
18286
18282
18216
18202
18246
18250
18280
18292
18278
18252
18380
18396
18326
18394
18382
18366
18330
18400
18340
18318
18368
18376
18334
18306
18314
18324
18388
18374
18390
18338
18386
18384
18378
18342
18346
18316
18310
18302
18348
18350
18356
18308
18362
18304
18322
18358
18398
18312
18360
18320
18364
18336
18328
18354
18372
18344
18392
18352
18370
18332
18458
18476
18464
18444
18486
18478
18412
18490
18488
18424
18430
18404
18460
18468
18466
18438
18496
18484
18418
18406
18450
18482
18420
18402
18500
18434
18492
18452
18432
18480
18436
18446
18474
18408
18456
18414
18462
18410
18440
18416
18494
18472
18470
18448
18426
18422
18454
18442
18498
18428
18514
18594
18580
18568
18512
18544
18526
18588
18574
18518
18596
18590
18538
18552
18572
18520
18516
18600
18570
18502
18542
18524
18548
18556
18564
18532
18534
18550
18582
18566
18546
18506
18584
18562
18592
18554
18560
18586
18576
18540
18504
18558
18530
18522
18508
18578
18598
18510
18528
18536
18692
18630
18664
18678
18672
18636
18698
18622
18602
18634
18608
18654
18618
18646
18662
18660
18666
18682
18640
18624
18642
18676
18648
18650
18614
18626
18620
18684
18686
18674
18670
18610
18652
18656
18604
18688
18690
18696
18700
18680
18638
18658
18694
18628
18606
18644
18668
18632
18616
18612
18746
18790
18712
18784
18760
18782
18708
18702
18752
18776
18714
18742
18786
18758
18798
18748
18800
18706
18740
18766
18724
18704
18716
18756
18738
18720
18764
18718
18772
18734
18770
18780
18722
18726
18728
18750
18736
18774
18754
18710
18768
18730
18792
18796
18744
18794
18762
18732
18788
18778
18844
18820
18802
18850
18822
18864
18806
18828
18900
18862
18858
18880
18812
18854
18890
18878
18898
18884
18808
18896
18816
18824
18818
18876
18830
18834
18868
18814
18874
18838
18848
18852
18860
18846
18842
18894
18832
18888
18804
18870
18872
18810
18826
18836
18886
18856
18866
18882
18892
18840
18972
18998
18976
18902
18932
18984
18970
18960
18918
18930
18978
18922
18928
18944
18950
18952
18936
18996
18956
18934
18968
18906
18974
18992
18920
18988
18926
18958
19000
18994
18990
18964
18914
18908
18940
18980
18942
18948
18946
18924
18982
18916
18912
18954
18966
18938
18962
18986
18904
18910
19068
19092
19006
19054
19016
19048
19050
19100
19026
19080
19024
19010
19098
19056
19002
19020
19032
19022
19090
19038
19082
19094
19014
19058
19060
19084
19044
19066
19034
19064
19052
19062
19074
19012
19008
19072
19040
19076
19042
19078
19028
19086
19096
19004
19070
19018
19036
19088
19030
19046
19102
19134
19106
19140
19172
19184
19146
19144
19118
19166
19178
19174
19108
19148
19116
19176
19162
19194
19136
19188
19200
19126
19104
19120
19142
19170
19168
19138
19196
19156
19132
19164
19130
19158
19128
19180
19192
19150
19124
19110
19160
19190
19186
19114
19182
19152
19198
19112
19154
19122
19226
19244
19242
19258
19266
19254
19230
19262
19236
19270
19238
19204
19250
19264
19292
19212
19272
19280
19248
19224
19284
19214
19218
19256
19234
19290
19246
19228
19240
19202
19232
19296
19288
19222
19282
19274
19278
19300
19220
19260
19252
19208
19298
19216
19210
19276
19206
19286
19294
19268
19372
19312
19366
19306
19400
19320
19346
19384
19394
19344
19316
19308
19354
19314
19350
19304
19348
19334
19328
19356
19342
19330
19362
19376
19386
19392
19336
19368
19364
19326
19388
19378
19338
19390
19398
19360
19332
19382
19370
19310
19318
19352
19380
19340
19302
19396
19322
19324
19358
19374
19470
19444
19414
19476
19448
19408
19464
19406
19402
19440
19472
19452
19412
19430
19478
19416
19490
19494
19484
19482
19460
19474
19480
19410
19468
19496
19456
19436
19442
19498
19404
19438
19420
19426
19486
19418
19446
19454
19488
19500
19424
19434
19466
19492
19458
19428
19462
19422
19450
19432
19596
19528
19538
19574
19502
19510
19568
19536
19594
19560
19578
19580
19548
19592
19564
19554
19582
19518
19562
19586
19526
19550
19508
19590
19520
19552
19524
19516
19566
19506
19504
19534
19570
19588
19522
19540
19576
19512
19572
19558
19530
19584
19600
19546
19532
19544
19542
19514
19556
19598
19670
19698
19694
19632
19700
19644
19602
19608
19642
19626
19636
19646
19652
19686
19654
19684
19648
19656
19614
19606
19662
19630
19610
19688
19622
19650
19604
19696
19666
19660
19624
19692
19620
19628
19664
19682
19678
19676
19690
19612
19668
19638
19616
19680
19658
19672
19618
19674
19640
19634
19708
19702
19792
19774
19788
19738
19728
19740
19766
19710
19724
19706
19750
19716
19800
19736
19790
19770
19796
19772
19714
19798
19760
19784
19722
19764
19756
19726
19718
19748
19754
19704
19758
19794
19746
19742
19730
19776
19786
19782
19752
19780
19778
19720
19768
19734
19712
19744
19732
19762
19860
19898
19870
19846
19856
19866
19842
19888
19826
19820
19838
19854
19806
19802
19900
19874
19830
19818
19886
19812
19848
19808
19868
19878
19834
19876
19852
19864
19862
19872
19832
19814
19822
19882
19816
19810
19894
19836
19892
19828
19804
19840
19824
19890
19896
19850
19858
19884
19880
19844
19952
19924
19922
19996
19942
19940
19984
19976
19950
19902
19998
19926
19946
19954
19990
19956
19930
19988
19980
19918
19982
19904
19966
19912
19916
19948
19968
19986
19958
19944
19964
19970
20000
19910
19914
19934
19928
19936
19938
19974
19994
19978
19906
19932
19960
19908
19972
19962
19920
19992
