14
12
20
30
8
2
26
28
40
18
4
22
6
24
38
32
36
10
16
34
76
66
56
50
60
44
74
54
78
64
68
80
52
48
58
62
72
42
46
70
92
112
84
108
110
106
86
120
114
82
94
100
104
90
102
88
116
118
98
96
154
160
134
124
132
156
152
128
144
140
122
138
126
136
148
146
150
158
142
130
182
190
166
176
184
172
200
170
178
162
164
196
168
188
194
198
180
186
192
174
212
236
202
224
230
214
226
240
208
222
210
238
228
234
204
232
206
220
218
216
268
264
252
260
272
258
242
278
274
280
246
266
254
256
276
248
244
270
250
262
306
318
284
298
302
294
316
288
314
290
282
296
312
310
320
300
292
308
286
304
348
326
346
360
322
350
330
334
356
332
342
324
340
354
352
344
338
358
328
336
374
398
382
380
370
368
386
378
372
376
366
384
390
392
394
396
364
388
362
400
414
440
436
416
430
432
438
402
406
426
408
428
404
434
420
422
412
418
410
424
448
472
468
478
454
470
460
446
452
456
450
458
444
464
480
476
462
474
442
466
500
492
514
496
520
518
516
510
504
484
512
506
498
486
494
490
502
508
488
482
556
530
554
548
536
528
544
524
532
542
546
540
534
550
558
552
526
522
538
560
576
566
588
592
594
582
590
562
584
578
564
570
568
596
600
598
572
586
574
580
632
622
614
606
608
640
626
630
624
604
618
628
636
610
638
620
616
634
612
602
666
676
656
642
646
660
670
668
648
664
674
678
654
644
650
672
662
652
658
680
718
696
694
692
686
690
706
710
688
682
714
698
712
708
702
704
716
684
720
700
724
734
736
754
758
744
730
748
728
746
722
750
738
752
726
760
742
732
740
756
798
772
768
792
782
762
776
778
766
786
764
780
788
770
784
796
790
794
800
774
804
820
816
826
810
814
812
822
824
840
828
806
802
832
818
838
808
834
830
836
856
854
874
842
866
880
846
878
858
870
860
852
850
868
848
862
864
844
876
872
902
912
886
898
884
890
910
916
900
908
920
918
882
896
892
894
914
888
904
906
958
946
940
948
960
924
932
956
942
954
936
930
934
926
928
938
922
944
950
952
994
996
970
968
990
980
984
978
976
986
982
966
962
974
988
1000
972
998
964
992
1032
1026
1030
1024
1004
1002
1016
1012
1022
1008
1040
1006
1010
1028
1014
1038
1034
1018
1020
1036
1054
1052
1058
1080
1076
1050
1056
1078
1042
1066
1046
1048
1068
1064
1074
1044
1060
1070
1062
1072
1090
1108
1084
1092
1106
1082
1114
1102
1118
1112
1096
1120
1116
1098
1100
1110
1104
1094
1088
1086
1136
1148
1144
1132
1152
1126
1154
1122
1124
1130
1142
1146
1128
1156
1138
1150
1134
1140
1160
1158
1176
1172
1170
1196
1200
1190
1186
1192
1188
1168
1178
1162
1174
1164
1182
1180
1166
1194
1184
1198
1202
1210
1228
1214
1216
1236
1222
1234
1204
1220
1240
1206
1218
1212
1238
1208
1226
1232
1224
1230
1262
1270
1264
1274
1268
1266
1244
1254
1260
1272
1246
1280
1256
1252
1258
1242
1248
1250
1276
1278
1310
1294
1304
1316
1290
1292
1288
1296
1312
1282
1308
1306
1284
1302
1300
1314
1318
1320
1286
1298
1342
1324
1336
1332
1334
1326
1330
1348
1350
1360
1340
1344
1358
1356
1322
1338
1346
1352
1354
1328
1380
1372
1386
1362
1370
1366
1374
1384
1396
1392
1388
1368
1398
1364
1400
1378
1390
1382
1376
1394
1416
1428
1408
1420
1422
1424
1430
1440
1414
1426
1436
1432
1438
1418
1412
1406
1410
1434
1402
1404
1462
1448
1474
1476
1450
1456
1452
1460
1468
1446
1480
1470
1478
1444
1466
1464
1472
1454
1458
1442
1506
1494
1492
1482
1512
1490
1502
1484
1514
1510
1500
1498
1486
1504
1488
1496
1520
1518
1508
1516
1550
1560
1542
1558
1536
1526
1548
1538
1528
1540
1522
1556
1534
1544
1546
1552
1554
1532
1530
1524
1594
1580
1562
1576
1578
1564
1598
1584
1568
1590
1582
1596
1586
1592
1572
1566
1600
1574
1570
1588
1604
1618
1626
1614
1612
1608
1634
1624
1622
1632
1602
1636
1616
1620
1640
1628
1630
1638
1606
1610
1664
1680
1668
1646
1650
1644
1676
1658
1662
1672
1652
1648
1670
1642
1656
1674
1678
1660
1666
1654
1702
1712
1692
1690
1708
1706
1688
1682
1686
1718
1714
1694
1700
1716
1704
1698
1696
1720
1684
1710
1728
1744
1754
1736
1748
1724
1752
1732
1738
1742
1722
1726
1734
1746
1760
1730
1758
1756
1740
1750
1774
1790
1780
1772
1796
1776
1792
1784
1794
1786
1768
1778
1762
1798
1782
1800
1766
1788
1770
1764
1838
1840
1822
1814
1834
1812
1804
1836
1816
1824
1806
1826
1830
1818
1832
1802
1820
1808
1828
1810
1868
1872
1864
1880
1862
1878
1844
1846
1860
1848
1852
1866
1842
1854
1876
1874
1856
1858
1850
1870
1884
1898
1920
1894
1904
1892
1888
1912
1914
1918
1886
1908
1890
1910
1882
1900
1916
1896
1906
1902
1948
1954
1944
1956
1930
1934
1932
1926
1936
1942
1938
1922
1960
1950
1940
1946
1928
1958
1924
1952
1976
1986
1982
1980
1988
1962
1996
1994
1970
1966
1978
1998
1968
1984
1972
1964
1990
2000
1974
1992
