6956
12004
11246
16042
11136
7574
14310
3072
360
18304
15658
15154
18352
19484
13426
12222
3476
1828
3142
16726
19916
1922
15380
8896
16334
1936
12756
5812
6002
10110
3764
17076
12856
104
334
4040
9068
4492
10562
4878
7280
1860
13186
9082
12630
2480
10714
15382
2208
6272
6990
11548
1040
1858
6228
2388
7444
16544
18318
7506
10558
1784
11614
11196
18770
6054
12228
476
8788
12538
14550
5796
19600
4204
1646
17452
11952
2526
17982
1974
2748
4708
1330
9756
7070
7312
19892
11238
9972
19604
6420
19250
6386
16706
19532
17840
10154
8114
906
10430
5304
16104
14660
1926
7296
10548
8594
11542
734
2928
15524
4638
9934
5684
9124
1218
12788
2632
16920
14294
11890
5352
6224
11074
19912
1058
18956
3640
16710
1234
15928
5948
3044
8520
9528
2448
12454
1092
19358
15744
2166
8134
4654
12434
18848
3362
12446
6592
17538
17088
930
2094
16120
9128
13324
18828
1226
14574
9530
3280
5360
14880
16888
16222
8602
6286
9414
1474
12186
10516
2756
13484
12592
1822
10716
19870
7486
11860
18338
13160
5022
10354
6332
18368
8254
938
9618
10136
3102
18126
13390
4196
19646
11646
15736
224
1884
2230
992
19840
13860
12332
15350
11816
1756
1340
2214
514
12838
14600
10256
14032
10480
18820
5648
10670
14470
4444
2926
260
15364
398
15148
6322
13378
8568
10374
16020
17808
4676
1694
5950
18176
13830
4188
7154
14182
3550
7662
112
1688
7780
18308
8802
5918
12554
5802
16918
4724
10608
18902
2874
3360
18034
11348
10414
18872
14646
1574
12928
10168
17346
10466
16650
10094
16472
9472
2688
4438
13980
7788
5674
2390
13292
7062
17846
6502
7042
12686
12276
16932
262
18088
17828
3482
7624
10800
17998
13474
110
19284
15862
1066
13372
3230
6958
9424
19598
7150
478
19112
14622
10032
9148
2674
14140
10778
2638
4456
9440
10686
3828
8398
6262
16010
15784
15398
4964
11082
17496
3524
7502
19688
9748
7974
15204
10506
6932
3124
19970
14296
8122
15688
6904
8244
12828
7592
16886
5756
18136
6328
6814
4322
1722
15704
10034
9230
18988
5624
11980
3268
7650
1466
9210
7480
7316
5512
6102
6366
12570
12316
18142
13074
6658
2142
188
2796
12078
2886
19210
17218
11268
4130
14228
3150
19780
16452
4490
12058
10626
10746
712
12586
14804
19818
19910
1904
11434
3792
2912
10856
14552
1640
8028
14988
1480
18884
11598
4884
1484
16046
7398
16110
6294
4012
2932
8852
6052
12076
2752
660
9100
19560
18790
12610
2380
16930
11650
3396
11418
2072
11118
9782
13736
18124
404
18564
19036
8588
5084
8008
5714
10074
1970
17768
8916
5708
13902
1146
14450
18886
19650
15760
16600
8298
4080
8582
15070
14004
2630
15296
682
5966
15702
2036
762
5692
16714
5060
5740
924
5468
10912
3716
6886
15082
13240
10344
2734
13268
108
8994
19252
16784
7690
2998
19180
8480
13934
5990
19346
13466
1720
19384
17524
12230
18350
13972
1882
6238
2744
7760
9532
11034
18978
17362
19534
9580
11700
12628
13034
13810
756
11942
16214
13020
14928
8460
6610
16420
908
14994
7178
19324
16732
5120
4416
4922
4446
16522
6630
13224
16256
15372
2842
19620
5488
13602
14560
2894
12642
14756
2288
17820
8846
2346
16906
9278
14380
1892
14722
2178
19404
10990
13564
4750
11842
8654
6210
5324
19666
5078
13460
12868
7344
6982
9820
7766
13156
17708
12328
8726
11362
19168
19126
13952
8876
16728
8862
10318
6898
14754
352
10088
2682
14248
13536
3122
13600
7536
13586
12046
15374
15288
14154
15914
14752
10770
18276
15446
18284
1376
482
2114
13538
1162
10552
16990
16328
16066
14122
862
18128
5562
1356
17350
558
4260
19992
5810
14142
2832
2876
12016
18080
17638
3976
4058
11158
18590
9306
4396
9902
8434
18714
17942
13010
9378
13908
12280
13570
894
5000
11334
13772
14264
142
4778
12382
19962
3436
8534
7998
8762
17974
2270
5772
11798
12436
6960
898
7374
9620
6554
1306
18764
844
13432
3348
12170
16360
18144
17012
3702
7534
12126
17684
2488
11762
5048
8102
19338
6744
14920
1190
14266
18694
7484
852
5148
5632
9640
17624
2228
15192
9098
18766
2052
4592
19460
12822
18198
5734
3738
3612
10366
8432
8188
10166
7856
7984
4120
13208
18188
16252
12140
13504
156
1566
17526
19026
8678
15332
14194
19976
9482
9134
9304
9484
3426
19218
5572
6642
3912
9014
19170
17656
13924
1530
4936
5666
512
13574
5560
4046
15352
16842
1546
18762
16910
18574
16596
13986
2242
9118
19660
1212
16902
7954
17482
4118
8020
3664
1656
18214
11292
12506
11808
16510
4228
17988
17298
19616
6712
5010
10576
8456
14664
834
12800
17028
578
13276
1290
14608
17848
16518
5150
19888
3022
13430
14104
14648
9264
17342
2642
1430
2054
17912
14472
560
520
9316
2586
10442
7898
16688
6970
1562
8094
13264
4940
344
9390
2440
16506
9080
9274
4682
2782
5244
4872
9564
19548
12594
19090
3558
16358
5862
17502
6864
4532
9998
8470
15248
14048
5066
11008
19914
19902
2636
2962
18546
10966
16570
8596
10828
10898
18812
11386
6640
2408
7044
3614
8848
10062
10128
6032
14416
13500
19154
12792
12214
11002
6258
2060
6480
1888
6388
11508
8928
19432
11052
19372
15018
12376
13012
16194
9524
3986
13522
16944
3584
2138
17162
14610
14376
10432
15636
13146
13336
6356
3442
9010
6456
17194
956
14254
17344
17550
14130
2540
17228
750
19606
3658
13206
11562
588
1964
5002
16072
18358
3752
18172
610
6300
9368
458
13788
13506
8946
8564
17440
3674
2004
1082
11366
2716
12964
9114
9912
15450
13546
72
13408
13806
15334
14018
11458
8096
13060
18608
5882
10930
5300
5606
1174
12442
19448
11270
14206
8156
13682
19936
19832
980
3644
17464
18030
13746
16500
19580
15554
9714
9468
8016
16874
16282
9268
10390
14676
14834
16074
6788
13836
16582
5496
19504
19258
14490
18004
5538
14192
642
17736
4034
1832
15462
2216
1524
16204
5240
7152
19342
14198
15774
13558
1022
17752
16712
14530
17658
3786
11236
3232
16872
7582
12146
16936
16270
11794
646
14178
16634
4596
15292
16418
226
17652
16314
16700
16962
11388
18302
9428
15550
17186
5750
1972
5184
9960
15186
7992
15972
16574
7308
2780
4636
16308
7232
17506
4068
16218
19710
15066
16056
17576
14218
11222
7570
13518
11120
1742
13250
10006
5930
5614
17890
7594
11464
16034
3946
1372
7342
5152
18270
13794
8124
18204
13396
14538
10906
1132
11634
10380
16188
10762
2354
15310
15894
13126
16474
11438
7302
12082
11500
12044
19762
7196
16814
7934
10464
9262
5132
3676
19322
9508
10140
7772
11912
5548
8924
10454
4960
7976
4494
12784
17120
10014
6370
12920
3390
1062
16656
16404
7558
7756
14666
1336
4574
7576
11932
1502
11758
15848
15968
2246
8160
18484
11440
17842
17454
10446
14904
13680
710
2730
2620
1788
5400
3480
322
2858
4084
11080
19142
17170
10392
17416
7090
7762
12636
13456
12516
15220
12286
6154
2282
1746
12246
9636
9538
6264
14670
4154
2414
7290
12572
14164
12914
16132
18104
16122
6586
2826
7298
10190
38
16668
6424
14216
5954
9474
18654
17536
3350
17548
10426
7712
3096
8010
15754
14060
3036
5318
11028
10584
16150
17782
312
16166
7190
17626
4216
10172
12786
5892
4718
15412
1250
10048
4166
14338
16618
3400
17622
6832
4372
11170
4036
10132
13002
5704
17182
7802
13072
15530
7002
8650
7818
5860
5040
5046
4566
18740
6320
15994
2958
11168
328
5686
17980
15394
8986
2604
272
3518
9950
4920
9182
17582
11590
1834
17056
19156
10942
3870
4550
11768
11902
1350
1772
3724
10116
462
17794
9044
3134
9252
3992
116
2670
11070
10438
3932
14948
3646
3978
15278
9432
6060
16822
9024
8022
7068
4570
12364
12210
6848
7518
18718
6796
9330
16694
3910
2016
6220
4310
12220
12532
3116
15962
10970
18584
5308
6734
15176
18634
17944
15764
9280
12070
18138
8310
18256
6360
10130
8988
9444
6728
5322
494
12524
8092
14068
12084
9342
8444
4422
12350
10560
10218
1542
6786
10550
7890
14520
12400
9216
1676
6604
7416
8110
14952
11498
7476
17790
2302
6606
9592
19296
15762
19184
634
15316
2844
1512
8970
18226
1682
5230
19272
1246
4410
16004
17080
2774
3008
10720
10230
8832
13308
7350
13990
8778
18772
10634
19798
8914
11534
10448
10376
9928
19554
13462
3502
18604
16380
17806
18958
8976
8766
8236
14120
12580
6686
15138
12674
60
8354
13136
4580
5688
19070
9434
13492
9582
8498
10202
13646
12502
7910
5374
4576
16248
1316
14898
5832
10774
10932
11180
18098
9470
14990
16210
10958
17108
8184
14168
14136
1622
19862
4588
1044
11152
1120
9058
15074
18554
7434
3880
17674
7304
6596
12208
14354
6352
13572
1600
8668
17364
4024
808
9018
2286
15600
18504
8484
18806
13606
4522
11754
3886
11636
1642
3026
5852
15788
6500
12906
11036
11130
11294
17858
8362
7170
1906
8912
17556
10484
9334
12470
3722
17616
14658
4404
9888
17798
10956
7820
12112
4672
8106
5628
17438
15268
5420
11006
6206
19426
12510
5720
10546
8042
5868
2298
17610
4846
15978
19410
9630
4066
13514
14696
4106
15356
4110
12810
10272
2806
5450
15680
16798
6614
502
16264
6248
14706
17070
7828
5540
1760
3622
18652
14938
5056
10518
24
19106
13294
3024
12298
9892
9314
752
12296
11708
13472
3054
11848
4702
10818
17160
2614
11740
8046
16490
13180
3928
250
11610
14856
6138
1924
1456
5724
2964
5210
13870
17444
16338
356
6454
4994
2996
7798
16240
12254
8938
14062
11654
16174
13976
6378
16494
18254
2082
14890
10976
10036
6182
9932
8044
14506
650
7356
13078
202
15096
10264
5370
17392
16378
3832
12260
2378
8800
9254
18496
12036
17510
1166
14588
14020
1940
10704
14698
19788
12136
13394
9370
7168
14434
17474
5214
5934
1176
11982
13358
12342
15008
14162
14692
9688
16156
15052
10756
4480
8514
13566
6422
11234
2472
1802
4784
5382
11970
9326
8646
3446
13022
16094
10326
1984
8368
14420
10050
5188
7452
8164
7378
17620
7644
7146
12804
19264
14410
16900
19058
11194
8174
5462
6482
18202
7932
17522
12202
18170
7680
1620
4954
7440
17114
1078
3218
16608
8182
18100
6570
16584
1604
10950
8358
18794
2482
16310
14772
14094
6892
2084
2802
3924
14516
14662
6096
7692
9606
13414
15844
4572
2074
14096
6270
5314
714
4816
4932
7838
14368
19430
6828
17600
17662
1202
162
8576
15416
1396
14100
9990
15868
16342
13828
14406
19612
5338
10316
10072
13490
16102
14942
15544
11370
1718
16738
5410
16594
16352
7872
12974
17874
8036
3888
3936
7552
838
3144
18032
14440
17426
11564
13320
184
66
406
12092
3200
8992
7494
12402
17680
5328
7490
12512
3696
19318
13890
8554
6404
11632
14326
7094
4914
19348
11226
776
5402
9718
13878
10020
6936
1998
8894
12042
11018
10418
19092
6250
11014
2948
10580
15960
7548
8688
18114
1100
17204
4408
9346
7458
1830
16254
18986
15376
256
7826
15492
2950
1204
12826
17920
10286
8478
5342
18864
10400
6710
13982
19720
11976
4832
1532
4318
14828
9130
11494
18392
8604
8736
8908
18660
2690
11540
3136
15604
522
14370
6738
13266
4316
10646
18054
19110
4484
3726
9202
4236
17746
17198
8626
7632
9224
8024
14158
10460
8018
18842
562
12720
9938
1200
7244
1996
19412
1868
12492
18206
18194
6948
14342
16558
388
4060
12564
3582
10066
10234
9598
12110
19924
11718
11626
19520
11802
10044
19588
8230
1908
11560
10874
3294
18860
17648
16226
3660
30
1740
4298
7860
3572
1690
15208
1264
17700
13962
9126
17764
13814
678
10574
3450
14788
19450
9560
12900
18858
15808
15448
246
10524
15626
12096
4448
18566
11746
818
916
7704
19578
14398
17812
5354
3428
3794
16180
6568
19926
19760
1638
11422
18824
13914
7122
10350
5926
6442
84
9594
6572
16984
18412
10790
14244
13098
9208
3148
8390
16292
18316
836
12952
17196
10124
11732
8706
11220
3892
8068
3020
19482
11142
16916
15128
10620
8748
17762
1118
13702
19850
15146
15856
914
18528
7886
6104
18582
18432
36
3410
16628
7520
13744
15338
3140
15952
18416
1284
1136
17412
9446
9394
1168
11332
2180
4388
3082
1444
2974
12184
1826
10606
19630
6068
17316
14818
9102
13028
15362
2798
3500
11250
1310
1150
12846
18804
18476
13018
4756
17164
6362
2854
3890
4606
11894
10416
13720
11528
10178
8624
76
12412
13584
19736
11108
13900
19934
15740
17992
14110
6510
10748
15358
17274
9420
12418
2386
19490
15478
10188
9576
9020
13046
9198
11716
10022
5570
15898
10888
6316
4182
18258
13802
1470
6890
13996
6988
5888
19226
16660
19706
14444
9386
7526
4148
576
19570
7186
5326
4432
120
10024
6518
16988
5140
13356
17314
14302
11372
12656
11356
5320
19980
8556
10206
2122
3872
19834
17896
15876
14508
17240
9626
2496
18052
15874
7182
17336
6010
5784
14620
11684
1952
6268
9412
2028
19858
3326
9218
7942
16138
7334
10208
8990
5192
9542
18010
5448
17860
18328
6834
15258
1070
11940
15250
4770
14878
16516
16938
19164
9438
4548
1664
7962
12250
11126
14394
18586
3166
1012
17952
15294
8130
8536
19004
14978
1890
8100
1488
14176
9916
16344
4824
900
3782
4560
16296
5102
16160
11620
5766
11032
128
16350
15236
5398
1724
7804
4186
2808
13716
3372
18896
1946
17946
4634
19014
14996
5392
9676
16422
10578
2822
8574
14982
324
48
15222
16836
3224
12850
1130
2994
9388
3690
14282
14292
15232
11968
2460
19928
17584
7734
18414
8258
13310
8320
19280
18246
7432
11340
1144
19024
7776
3864
8384
11950
1864
10246
19254
2356
5826
17718
840
10604
10104
7448
12474
15164
16870
10738
18458
8828
3826
17826
13246
5168
5494
656
6718
15616
10660
7098
6348
17010
17224
8374
17158
10214
18494
16262
14584
14724
1684
17734
7866
13086
10698
15024
13172
14160
350
15196
16054
20
3930
6534
8508
6190
14072
12362
10848
13168
15866
2450
4800
19434
2422
8476
1230
13992
12956
18326
12060
17958
18950
16686
6414
16176
5128
14906
2034
13630
3412
15322
16606
5024
6986
414
17188
6242
7668
4392
11328
11240
4976
16850
8720
11156
10946
14092
5034
12640
16316
15692
1702
8660
2158
16770
18930
16708
690
7938
11318
15752
2436
10158
14640
3566
18162
4406
2290
8584
16052
8902
17368
4000
11638
1192
5998
8756
19248
14022
8452
13464
14308
13728
4050
7730
10638
6588
19610
7074
17814
6344
8652
13524
15532
2552
10884
15652
4956
9120
12158
6452
2096
17102
19830
18558
8078
676
10274
8518
5718
2200
8370
2108
18182
408
15506
4510
5118
16106
18644
2580
18746
7794
19312
12472
11424
19528
15548
14274
12410
1412
12334
1596
14922
1288
13468
3766
16730
4364
8082
668
6152
3666
4556
14998
12380
14412
6726
4658
12438
13838
14438
16128
1584
1818
7080
11582
6524
14432
11974
1672
15882
19804
3538
9004
17382
3368
18242
7088
12550
16684
14344
3234
19618
13548
13964
5556
19642
8804
19676
3966
17020
5394
19356
14726
19740
12102
15474
8302
3108
17458
7200
134
19238
3560
14334
6672
1452
3174
11368
1552
18838
4180
2824
19298
4688
11306
1726
1186
1228
4700
3222
2786
18262
16100
15910
13114
4652
13278
14632
4150
14090
13676
13210
2598
2590
10504
2162
15990
14638
19880
5012
4308
18736
3478
12646
12576
7770
12466
16158
9464
9036
18946
1278
3934
798
9052
17430
308
10540
3010
14718
12476
16398
9418
13238
15824
19652
7912
13826
2262
2544
14602
16950
9838
15934
570
2280
5438
9322
19436
15768
17884
13486
19222
5716
7620
8752
4026
11022
17424
4262
19812
3654
1610
13984
4044
13296
10126
10122
440
2860
17486
5866
15662
5594
19956
56
16430
3246
3512
6998
9426
12156
18628
7046
3110
5618
8248
17714
11728
6684
10928
8506
14186
3962
11878
526
1244
4200
6018
13006
16980
12164
15112
18730
16220
17128
5092
7568
5142
11734
2416
8238
6550
13234
3238
14738
2104
16058
564
1968
11140
9910
5396
11698
17732
16190
17456
1274
7420
8318
8146
9312
11444
11742
1616
9492
3586
17872
10334
16602
18890
10532
10322
4112
5722
18692
6674
3014
14260
13724
12306
1042
17148
18404
10920
19054
3364
16116
5694
17432
12916
16840
9896
7482
16524
18970
13774
6780
18800
12200
16940
2000
1394
232
7402
13228
730
16838
548
13808
19166
7056
624
4512
958
16736
6474
13244
12890
5446
10916
314
18744
11772
15654
11844
2010
18466
4072
12352
19266
17330
17348
4662
1260
13328
3580
8550
78
15610
6176
10944
16000
14388
15598
16548
14566
15944
7424
15298
3320
7246
5428
17066
6584
11818
6776
13236
14118
5904
2960
17476
18192
10
14678
12874
16208
5006
390
15048
10266
19022
16284
12884
15512
19816
10224
9872
8822
19792
6230
14860
11072
1032
12978
18224
8034
11106
18910
16044
19452
10702
6688
1086
3380
426
15916
19498
5974
3078
12312
13804
2058
1730
13312
16298
2428
14258
698
5698
17850
7922
19158
11886
14764
7948
19080
5814
7888
16332
8758
11360
14808
1618
7930
1824
2668
17918
6432
12584
11782
17180
542
6214
1652
6390
8664
10242
11064
9310
6292
1008
5202
18212
3276
19664
16130
17836
2274
5310
11038
7126
17618
2898
10688
9364
3520
17054
17146
1178
19060
6400
13706
1276
11702
5816
2128
14974
230
9512
8782
13068
16622
8424
2704
5108
17578
890
13066
19470
16076
11692
2652
19854
13592
18312
732
6566
11946
17470
16722
13786
16480
1508
17590
16016
2724
14348
736
18066
10306
11218
15000
194
15080
19920
9410
19418
14448
5682
8670
572
8216
19586
3840
4958
9396
14312
19386
1874
17278
14148
4194
1256
16642
12416
11866
19256
6392
3414
1934
12948
19202
13150
6770
3290
8640
17870
7696
7188
4564
3034
5116
3356
15948
14180
11644
15686
7996
4352
18814
1660
10282
9356
19860
15174
1326
15386
4892
964
8276
9076
5232
2350
16800
11766
7156
19846
8224
7410
13872
19986
10776
6930
4398
11520
8622
5982
14844
3954
14184
1930
19722
13094
2878
3300
4358
17466
2776
14378
10630
11122
18688
4736
2772
19922
11288
1586
10988
1440
8014
15010
19690
11652
17676
3970
15852
14458
10352
4014
14288
8984
6676
10564
8608
774
8300
10960
744
18060
1602
2502
16970
6440
8002
9698
12760
9924
16406
4334
11114
13178
16396
12960
17900
8360
3488
17130
17078
12606
6980
3422
10002
17000
16946
16402
19638
19594
8944
17152
3100
19994
12858
5786
374
9260
14592
3366
17948
19848
8874
10434
1762
14682
10398
616
9634
18042
3900
17084
7754
17142
3844
18738
11852
4918
15954
11854
18408
2444
16504
14462
8744
7022
7018
17428
582
3746
9366
1112
17168
16486
5122
3398
18330
1468
7926
3748
19574
7388
14580
19204
17832
14332
11254
13164
10452
12736
8316
7366
17068
7678
9084
6894
2124
11000
9980
16752
2768
392
9104
13108
9780
6702
7846
1338
11948
7214
726
18074
11462
4128
6090
17666
10902
9384
15556
8196
4378
16186
11096
7138
12496
5474
12542
1016
7194
2864
5284
19146
8718
3678
6690
16884
9734
7092
15064
8890
3882
9214
3208
9544
4854
14980
9804
16306
19864
1844
18108
7192
12812
8076
10042
9332
15912
12154
6574
2548
11316
19774
13796
10134
12556
4222
6852
9824
18420
16148
3604
5932
14114
4202
18264
10750
8250
8628
17730
18542
11640
8882
444
1548
2820
18984
18248
3996
4074
7020
3740
5456
11868
5988
13862
6298
10212
18578
4562
16006
17922
14826
8404
1886
19820
12390
16876
13978
6870
782
18580
12256
1862
18728
4030
17254
4502
5054
15152
16272
6612
12652
12994
6112
5072
626
13270
14278
18596
7220
6376
4462
2968
19302
14616
18342
1764
15126
6536
3562
11162
17086
19696
12946
7382
4290
1074
18348
8086
8400
10872
17468
9166
17574
9918
19908
6916
17552
14214
5176
1160
5536
18826
18186
16890
2818
10724
10384
7016
15836
8500
1520
11110
2296
10894
17312
15108
4218
146
9048
18974
1252
18502
12700
9604
19044
10010
2710
15838
17978
10184
11990
7322
9886
13540
790
12456
6654
10436
12724
7980
7920
5520
14028
13634
17132
16492
5746
7608
18840
1072
8906
6820
8502
13530
13718
10016
5744
16942
11486
9674
16948
15998
9476
4752
13256
15884
11346
19772
15370
9142
17450
16438
4554
7744
9656
14210
7878
2012
18440
856
13140
3154
3048
15684
5610
11276
3508
19220
11098
6282
14024
2218
18732
12432
12300
14128
8098
6508
12844
1236
18560
15098
11522
8332
13824
13272
3236
2330
17864
16364
17504
9788
4544
16390
6804
3340
18614
17184
12196
1318
4278
12776
16098
13026
5530
14132
11266
15094
9060
3216
12206
19770
1856
362
10654
6962
11926
13444
5282
4762
10396
18996
18268
15828
17166
14224
16032
14986
8538
5972
15806
8552
11206
2476
18952
954
1534
10624
11166
12212
17636
12704
1114
13850
9828
8288
17462
9062
10614
10232
9156
17096
18642
15030
12942
6544
8474
15180
8194
10628
18460
13894
5550
888
19076
7784
15430
6036
2412
9622
6646
12116
2360
11674
11506
14134
3098
15348
17006
6222
12336
4022
19734
13220
16994
9822
5836
1370
4806
18106
3040
6170
1966
14742
9984
15790
13856
3694
5544
16216
5702
2324
5994
17774
3830
10476
1950
19230
2118
15184
6066
19316
1446
7306
2572
4004
15104
13882
5902
17338
7778
12272
962
14910
10508
15908
18376
2612
3156
3598
7956
15770
15326
13502
12488
3618
17320
9450
7810
1312
3004
11026
16154
2828
8722
7706
6082
3256
7418
12536
19390
1738
11536
3506
1460
18576
9940
10536
7530
3596
18158
3788
12054
16366
17154
5636
7638
15922
17880
300
6350
12012
9720
16768
13112
8962
6504
3700
7166
9502
9696
4208
14408
5044
5404
14518
9344
17568
4506
1152
13082
13000
9648
18252
15286
7060
5280
132
12086
7288
2384
19048
8878
4710
62
9152
4144
15890
13056
1378
18196
18084
18754
13470
4348
17822
9906
5706
4600
19668
9962
4146
3542
17956
13792
19778
2210
13588
3228
18334
16008
6428
7786
11780
19388
13452
602
7972
13618
14822
11824
7666
9374
18164
2172
10658
2306
13398
3688
18548
12698
12374
530
5968
18480
17460
14106
18286
4164
15542
15642
12006
2600
16078
7250
16
5262
1516
4586
19488
2758
9908
19624
10204
18678
8168
3784
7968
19200
17178
26
4132
6516
1670
7130
15438
2308
5110
17966
19648
11604
14002
18156
12972
12638
6514
4632
1900
12598
14936
9800
7702
3858
2340
518
12182
13154
160
12912
2292
12682
4760
17962
12428
2294
13766
5246
918
9970
16466
2070
12388
16844
6430
5996
3314
5822
4786
7578
10038
15046
13092
7978
2102
6670
17294
14468
19408
600
4514
6080
9088
1450
15150
13846
3080
12692
17090
11322
8284
14202
3258
524
8922
2066
854
19496
1704
12354
12024
5258
14712
12732
454
12558
6520
11812
7868
5186
19654
16196
10060
17608
4062
19634
12528
10372
15498
15206
5656
6236
16448
16966
4516
12032
13844
15802
1634
7958
15732
7546
9256
2976
4796
15384
8064
6910
18068
5070
7086
18854
2490
19712
4244
5204
4608
5294
15464
4690
14960
10590
18028
2014
1498
6576
532
14534
12694
12320
4684
3062
13280
14052
1994
3068
6878
13740
7104
15452
17124
13004
17544
18228
2800
3818
4458
2432
9172
9654
19066
4474
5622
18600
10026
6772
19566
12634
7658
10412
688
13516
2268
19374
3212
5340
8716
8446
3956
19592
2588
9866
10836
17044
16228
19776
11182
16652
8806
1104
11208
6906
15218
10150
17742
8572
10572
13080
2486
13050
3684
17690
12886
16744
17008
16928
1090
11574
8348
1948
2026
13260
13386
4624
6004
15306
3358
14356
14034
9206
11960
15058
11296
10262
52
9578
12684
17744
3638
15726
11186
17796
1806
7406
18134
10478
5838
14626
8840
17136
8872
3836
19468
12780
5542
12384
16278
5654
19466
12460
16362
13088
18266
1368
19952
11882
9616
794
1976
14590
10940
4268
14250
15748
12450
10826
4470
10980
4584
8090
13096
8910
19422
4498
2568
13906
2022
4230
14630
9832
1308
1088
16812
6394
9140
5522
7640
11336
2224
12852
8826
7054
5848
4838
12144
15558
8798
16288
12730
9900
3758
5138
17720
11384
2328
3240
5672
1296
538
17150
11456
13062
3190
17756
9522
4220
9922
11898
15400
18018
17200
17324
12120
3282
19040
370
5478
1322
172
6724
6484
4010
18026
13144
2326
2080
6826
1790
6818
14016
6764
1708
12894
1796
3816
10996
8776
1432
12530
17270
2400
3610
19150
12772
8056
7636
11408
19728
7880
5634
9834
7580
14528
14864
5800
4680
4362
154
15280
4732
6468
4978
208
7412
12000
15194
7586
7812
13316
6660
19282
4970
8754
19500
14456
14152
10030
5986
686
4668
10444
2504
2030
14838
4610
12128
15676
7224
7478
5808
19758
19540
17520
6950
14084
9320
14540
6682
8242
3730
16024
18488
6094
3778
18402
14930
3244
12666
238
13858
7540
11380
10982
6200
17898
7404
6792
17004
18410
11618
12718
18282
742
15864
16064
6330
7496
15276
12302
11252
6862
4234
14628
15638
10964
5650
8526
10616
12160
5358
18292
2046
9150
7174
10486
14126
19354
6816
15274
11714
6680
4738
8412
17300
15466
10582
9864
19398
2076
14064
4648
13376
19002
13580
19414
10100
18130
5372
12360
9190
14934
8142
16662
18280
74
6246
884
5870
10984
14452
18622
5898
7498
264
12664
17308
14000
19748
3744
19844
6412
8472
6512
19824
17514
1910
15646
5696
380
2434
16184
13442
8598
8428
8496
3902
4666
6840
6692
5886
14830
4748
18968
14014
13590
13672
654
9050
4286
16778
6026
3064
10332
7830
2338
6436
11400
9458
3182
492
1464
16520
19186
12748
13750
5018
7426
10496
16912
6884
7728
1164
16958
288
10878
3308
10360
6778
5050
8420
10948
1300
2732
6062
17878
10278
11776
15932
11030
15260
15132
4822
9706
17052
10210
8058
7400
8630
6664
144
17908
16898
11428
11062
12234
18456
7522
824
5574
12490
5454
8768
546
9078
5156
18070
2602
3548
738
5602
11884
11060
618
12678
7790
1170
8458
7028
15534
1700
13688
9862
3772
10886
4946
10096
5088
3834
7392
5604
2718
8620
15172
15252
12714
858
8844
19020
12444
14320
15368
3420
19568
4744
12392
3094
15264
12880
11402
4774
292
1554
11514
8958
10176
12824
5248
8026
4908
15590
1896
1798
5730
18430
7598
12708
9670
16470
8672
17226
18272
17716
186
11662
9642
10420
9466
11314
456
2868
15812
4256
974
4526
8606
14674
3118
10056
4974
5806
3384
12854
122
6716
16320
9944
1644
7368
18008
12966
16572
3662
19822
8380
18700
3914
15118
13116
16022
3424
8996
4096
12862
13176
1240
12138
1434
15476
8312
10962
14138
2188
18384
12998
1752
7614
11570
7148
4468
13304
12902
9354
14816
11280
5788
17034
5582
8252
7446
10528
412
10194
12940
12270
13190
830
19370
8112
17866
12670
7808
4694
13120
19966
19428
614
18450
17032
12750
15116
13822
7726
5900
16368
17356
7242
17546
19478
6314
10892
7862
16666
2244
12480
19480
11836
4280
9478
18150
12778
18260
17234
17376
9760
3790
206
3146
2498
5598
11414
9022
16794
2530
5510
18912
13884
8190
9856
13534
14900
9220
9174
3732
17960
12
19506
14688
8032
6296
9546
9898
2908
15518
2606
6984
18780
17540
12340
3950
114
14428
2754
15454
13658
3318
13366
10864
2846
6346
8278
16924
17810
13344
18178
2466
896
16012
3920
19380
12080
2164
10820
13660
5460
9212
18474
9204
7158
16230
12118
11416
2018
2650
12422
9486
18620
3714
18520
14276
16164
9248
17072
9296
9956
10000
8212
10388
15930
17816
3926
16322
8548
14796
11358
7212
15504
3634
10792
17490
910
19456
11858
12626
18664
8386
8998
7160
13476
2276
16036
4450
11264
3344
2092
2232
4790
1814
13956
2186
9700
9318
12178
19444
6790
17886
5288
17512
12842
14840
9430
7616
13726
19516
15282
15842
19954
19682
2008
612
2656
7132
9398
4630
3968
11078
13342
1224
8580
11904
18448
4988
1342
12066
5064
13752
86
14446
7006
46
18962
534
2738
14710
9034
1714
18756
5834
5032
3884
18748
1258
7116
14396
7198
8884
472
11160
284
636
4400
6380
9074
8178
13036
15340
2240
136
330
11084
2248
12386
16772
9682
14586
7740
12090
19900
6034
1030
18148
7012
7960
16580
12394
9416
12324
15432
19502
10080
15560
3046
1916
124
10492
11752
1494
17954
16172
8440
14876
6132
1128
1076
9422
10866
4288
10700
3458
9038
1216
9958
5316
18892
12938
14492
9026
9302
5162
436
10386
16354
17208
18072
17024
9392
18056
266
7294
14562
3002
16326
9180
19930
6752
5336
1808
9146
9600
15040
6198
2342
17804
19996
4900
11578
19542
1774
15538
7100
13598
3704
18964
4478
5840
12872
6212
5042
11164
1564
12462
1180
18830
19064
4254
10254
7474
10186
684
19738
3178
10276
6164
10294
9596
12106
948
18234
7648
14636
2334
5480
5136
14108
9046
10440
13918
212
16424
17046
9704
11670
11690
12596
8128
15712
15826
952
17282
1478
13048
16862
11210
3570
16846
8704
2194
9162
7328
5660
6876
11612
8982
192
12100
4242
9238
12378
11128
17950
14220
15270
16674
15434
8392
14848
19328
3982
18656
12738
10632
3656
2902
11284
4338
11656
1990
18322
15214
16178
12986
10320
7514
4898
3370
3180
9786
11822
8442
928
9842
2836
3812
3444
922
2616
3226
12968
6722
16658
5058
10734
620
17976
16702
5094
1374
12924
10862
10304
966
8040
15484
3906
9032
19176
16880
9030
4248
8842
1570
8172
6334
14240
19622
18468
18102
1898
6384
14582
8214
14480
16636
18796
10526
17996
1298
4386
9976
2192
9158
11412
18390
4656
19656
11310
94
7000
9040
18588
10566
3472
3196
3754
14478
5442
6938
672
3984
9284
18918
1054
11504
16086
15690
3602
486
18722
4054
4642
2696
2140
19704
1010
15272
18296
9986
796
5844
2470
13346
270
5312
12876
10090
8200
6290
1550
8074
14746
11944
17516
19596
16324
10926
34
18398
17722
18536
9192
17724
598
3388
3588
18752
11874
11184
15814
168
8104
8610
5074
50
4558
19730
5222
10260
18648
18526
9228
19214
14686
11300
15938
11916
1408
17398
17026
1608
4650
8680
5612
9338
182
16788
11490
12654
4896
16742
5052
8968
10642
8770
14672
16790
11810
12038
7622
3460
14238
3278
778
11876
15620
11092
4434
15234
12712
5086
10602
9806
16746
18552
1662
9644
14304
16826
17400
16182
1402
4882
6842
4354
19242
4972
11628
16244
14364
15406
3484
15698
5470
19948
2790
12526
14286
16914
3894
6978
4460
10570
16762
3760
16280
15822
15974
4810
1418
1352
12448
7278
6022
10222
4314
6172
17778
4238
5252
14564
14702
2398
14884
15422
4880
5096
12330
7370
14270
2314
6794
15576
18324
17518
10696
4086
12318
9376
1360
11850
12930
5388
8070
7438
13742
1294
4890
19694
3806
828
7430
11956
1270
16088
12216
12898
18422
6252
5472
19782
3800
19538
19260
18346
13478
14944
14284
15100
9814
3564
15420
13412
8088
6496
10120
7240
8406
10554
6186
8824
3012
8504
1810
7604
1354
8366
4768
17238
14872
5250
4982
15596
16170
4870
18676
15640
7642
3494
5498
5676
4860
13106
8850
16092
338
14268
10228
16266
13946
18210
4910
10236
16146
9562
80
11154
11984
7504
13198
8204
8870
18670
976
11260
9854
14504
4826
198
326
7584
10868
3972
18612
18906
11374
6668
14170
15320
8256
13994
17422
846
3960
15072
19160
16664
19100
11012
19526
14386
11144
11502
2152
19008
15402
4382
17318
7336
268
7836
14424
40
2956
10142
7048
14634
15124
18708
2980
5346
11550
9336
7982
4476
3060
4246
12740
4122
15964
10664
15870
10084
286
6278
6150
14482
14050
9936
4102
10092
10668
5920
13832
17554
19972
2554
15136
15572
9294
6470
19686
10314
16450
19438
9632
19964
13784
12108
11796
9646
14230
1210
19362
12918
10078
15886
9858
8636
9732
394
6128
18758
8728
7854
7268
6616
14720
15722
15330
802
17770
15328
19530
3592
8394
16050
14208
15644
3510
9870
5526
17334
2850
3296
17930
3728
18602
9692
1262
16084
12990
19000
11552
11568
3254
9506
10974
7940
11622
6130
11134
7600
9272
1986
6768
7870
19148
3032
8950
3342
12988
3698
18544
14074
940
5534
17868
18850
7050
6760
10908
15042
6266
6304
7892
14086
15536
18500
17290
15508
12546
382
6854
10860
874
10534
6012
2834
2312
1454
6274
1526
13100
12162
19988
5412
18356
18932
10610
10708
5596
1024
5208
500
16534
19632
19852
19088
13212
10822
16806
2132
10422
704
5158
694
18428
7218
2584
16456
998
17384
18344
19984
1420
1334
19828
1500
10112
17968
12618
8930
19800
19326
14668
19716
6076
10520
5424
5332
1558
11478
1362
8180
5014
15120
3636
7172
7542
8546
10858
10870
4814
1158
4002
19454
12478
14862
16780
2570
19494
4712
9448
1988
13258
2856
17192
1410
7738
4874
13940
402
18960
12662
16238
5486
8600
16502
70
17592
15510
19950
16386
6530
18222
7884
7202
12562
15904
800
10152
310
9750
13842
4618
15816
820
6306
16370
7414
4930
19078
18776
13562
15588
19796
16848
13418
7466
12284
13938
4840
10678
6782
15160
6580
9164
15562
1020
12288
9012
14382
6740
16426
14570
274
13076
10018
7698
10786
4168
14690
12896
2332
10718
4250
19228
7376
13194
14932
19680
14558
19868
210
13714
5306
10896
1068
17002
12796
106
19626
15178
7184
14324
2830
102
4134
6926
12950
10196
19144
14950
2506
14430
5940
10542
228
17704
10280
13368
15210
16720
11924
15012
11814
18216
12294
16482
4628
3856
16276
10362
1540
5080
4190
2136
1028
10500
18016
9686
15724
14792
19310
4454
2702
16894
826
2762
6678
18290
14750
17112
3164
14112
1416
14968
18786
10726
12552
2532
14330
13374
764
2520
2344
1208
12344
17934
11778
2522
16454
1590
14464
13170
1436
13192
5922
11770
15552
768
13926
17784
14422
16802
2464
16082
1038
7764
6952
11470
17354
4758
18774
5652
16512
3392
1220
16680
3814
13348
15578
11846
7852
5946
8342
15602
822
11830
16300
18954
2474
10706
10910
19672
15716
19802
4276
5160
6256
11892
10846
4842
13402
5770
15708
18388
19866
556
6156
9132
5200
4420
9516
2722
5910
6336
10468
18998
19350
490
13604
8340
7928
8462
5198
5742
5026
10428
8464
17914
7562
7206
6232
15918
6944
9234
16460
11054
386
1770
10494
6856
11896
20000
2300
17906
3860
2112
3552
2038
1538
3628
1568
7292
13162
9878
10852
8176
6868
6758
1116
1422
10298
11682
8618
9072
11828
5846
5364
18340
5630
2884
16592
2150
14842
12696
18668
12860
17042
7952
17698
13200
11178
8
4906
18646
19262
15060
8038
6850
9000
7654
12726
19308
13438
19894
4038
7492
2686
5276
8356
13054
15198
17264
1382
10324
12404
3328
2852
17494
19028
16578
13704
16374
15238
2764
15490
4782
5368
12602
3486
1776
11320
8346
13632
16458
19564
630
18470
8144
1110
6784
13216
8864
1266
9890
5272
12758
7072
12072
7360
5962
4934
1064
17542
11760
15996
16864
460
15730
5334
19376
6578
6844
6766
19768
8352
13130
19978
7076
3822
10292
8052
19270
16436
10174
1006
7916
1648
15396
7264
7904
11242
14806
8328
16478
3994
2536
7362
18792
18152
18118
15634
8138
4294
15056
15988
16484
18562
2872
2740
7024
7260
6254
3720
6014
11694
16432
4614
1046
4804
1614
14912
13410
18366
2866
12566
16168
10968
4296
3386
15632
1194
5668
13406
11378
15156
6824
15678
8578
16852
11274
19306
9096
5422
11966
3606
16964
9570
19464
14280
9672
8296
8974
170
3402
6918
10156
6140
12292
8666
1232
11602
770
872
8402
7896
13840
19674
18438
10368
16554
13648
7134
16526
15418
19062
17272
9540
8566
7748
3286
2848
17888
2692
17380
4912
6364
708
18000
8540
842
14358
16468
12188
10924
12290
18538
17410
7208
13448
7276
4116
2592
11004
5008
7354
12248
9590
11616
13008
13866
990
9798
8942
1536
5278
12888
1384
11172
1490
8700
19136
17214
4542
7564
13692
11046
9536
14232
1850
7964
3974
17984
13854
15366
5638
18922
16268
904
28
2168
9380
7324
12176
14770
13874
16858
17402
566
7238
13340
19394
3466
9810
1866
13722
11290
15664
810
4442
13690
16440
13756
8232
10952
17156
54
11986
3418
8330
12560
658
17694
13614
16258
3210
19194
1744
666
1978
9610
15240
12954
1958
8858
11936
17436
12398
5426
8000
2318
7694
1912
13912
11480
15830
16998
14340
2914
4620
1302
4926
10588
19138
8150
10458
9948
16690
2404
13674
290
12650
17628
5874
17406
8304
18972
5016
14088
17824
13760
8080
6046
528
14976
11420
7724
17280
17570
15734
9328
19742
11450
7850
15300
9404
6522
19364
3030
8948
12430
8934
1492
15002
11804
12498
19982
8378
13886
5798
2374
4048
12608
9270
15758
5712
5958
4482
17332
19708
15004
17092
8838
2500
662
9106
6808
2986
14322
19744
13510
17640
2766
6528
13218
12258
3876
14768
720
11922
1406
13816
1282
16626
8562
7986
16632
5106
19102
788
6108
16696
7114
7236
19178
8260
9454
12172
8690
218
10358
214
11198
3850
4640
2610
7204
17122
6632
13482
14188
552
6162
10488
11058
11786
13242
19240
9548
13508
10192
19614
17566
18832
11484
19462
19208
1442
4206
11188
10914
2410
18298
7902
11138
12680
7270
16908
17528
18934
4812
19116
17220
17260
11396
12926
9952
17602
1504
1712
7030
17740
7822
17236
13298
19784
17060
3138
19684
2930
6324
3736
11272
12710
8812
5414
6972
10070
18742
12722
692
12644
64
2236
9768
18534
19206
5924
11448
8422
3292
18798
12522
16974
1400
16612
15528
12794
10784
9840
7038
2922
1612
10568
13556
8326
4808
11466
10028
18444
464
14262
9988
15782
7718
2316
15470
13948
12018
2370
6590
15674
10712
15078
8750
4466
3086
11566
318
19052
14010
96
1846
8964
8376
17360
5728
7396
10736
17876
7058
4660
12282
7136
18616
10788
2516
3492
15342
220
4212
2352
10812
6478
17854
13876
2936
9790
5960
14066
4136
2396
16330
1036
10512
1758
2212
18508
13124
3408
13424
14778
16564
13458
9836
13016
17664
3878
10382
7742
1544
11392
2816
3798
16224
18870
19084
7320
17174
18482
58
11900
19884
2934
4886
15660
9250
17388
10012
8558
10482
14786
5440
428
9348
5492
15456
13820
19826
11214
14748
9638
10240
13778
5792
10676
17212
3042
19440
13790
11350
10510
8136
16442
6398
14
13770
10978
13042
16394
9764
13166
6732
2870
13818
5286
4390
7516
7590
15226
11192
11436
5780
986
1184
4798
17116
11476
9758
14866
3242
3452
15982
3768
19536
4282
2646
17672
15460
1630
7380
17258
14426
594
5020
9456
3262
16356
18062
7674
18220
9736
6406
13888
10296
3112
5174
1782
8466
7330
19700
5436
544
19974
3000
16070
876
11330
8816
5390
5646
4042
9602
5850
18724
11042
19946
13668
12050
12426
11642
10312
17472
7686
18154
19752
15202
12370
4412
1050
13290
15906
13024
13800
3780
6600
8280
8774
4742
11972
568
3302
7524
16866
10854
8268
6694
7596
14832
16748
19232
5126
7924
11764
1678
7348
6174
12540
6374
7230
9144
11658
14556
664
14758
3498
996
17564
10832
15564
17210
7464
11090
15016
5114
2662
3526
1332
2024
17420
19416
12326
3050
10424
12424
15388
1766
1462
10054
6134
10622
5238
10694
9784
16040
2676
2402
15880
2518
5564
950
17786
19332
17706
3374
7338
16530
9498
19290
14234
3616
9802
5828
10076
5384
7078
4402
6714
7258
13436
9974
11790
18314
8334
8796
14964
2618
15302
18788
1768
12582
622
12166
12348
17246
4504
15102
14346
19492
18626
8586
13496
2454
8898
18682
2156
474
15924
7906
15574
6142
2
6506
12770
11040
3846
14102
19188
6598
15800
18370
4266
984
4224
15742
11558
18236
3692
15946
3540
7736
17924
5752
10710
8614
4496
8760
2204
2252
17176
18096
13332
19378
14526
13102
13958
14680
5584
1876
8226
8072
7142
2672
5366
15482
4350
15054
5098
7226
9360
15582
11496
8542
516
18916
7864
15442
4850
16212
258
6208
15860
18710
17904
17560
5296
1778
4948
8592
1556
6106
1692
4006
13896
13118
3642
11594
5690
3056
8048
11800
3456
3490
366
11410
468
2492
6802
3438
2750
9566
3162
8656
6888
12782
16992
1582
11432
16348
13988
14460
19732
2144
8350
7034
14918
5348
16062
17972
10364
7628
2840
19038
12168
14532
336
14836
18900
16676
17862
16030
18064
17776
15766
12590
13916
8860
11426
1792
16108
12814
11326
19714
9808
5824
6040
9122
1060
6838
8486
19898
14858
18530
14946
4344
3852
174
17882
14252
10108
18650
3556
2746
19896
18332
4598
9650
12440
4176
7252
2528
508
16038
10830
3544
7128
4232
5178
13044
9658
19442
1820
12232
5558
18868
5642
674
1472
14782
5164
12094
17340
8834
15436
4528
3742
3952
13928
18696
10768
7814
15256
4864
1514
17370
9710
14798
5464
10890
14442
15032
16832
2524
5554
18760
6624
9652
11996
9568
3272
6582
9350
14146
4664
17712
15810
14596
15584
2458
424
8960
13640
2512
1398
14298
15110
11100
11442
15568
1560
7470
19644
17488
6126
17940
4716
2608
2560
17856
12980
8198
1794
17990
4626
7508
8682
7176
7832
4056
9740
4818
16346
4746
4328
11176
7460
5170
16302
13322
14076
14498
4264
14404
4802
18720
17834
12414
3940
19006
9812
164
14174
6218
2198
5916
17728
5330
17936
5434
15794
10198
14716
7848
1458
6074
14868
504
2146
10052
10824
18768
1094
16796
6966
1580
5856
17414
16538
9226
8528
6556
15106
10752
11338
3352
14038
10850
19294
6354
2900
470
13768
15804
506
12632
17710
10900
3260
18630
19118
7844
1248
1956
11518
6650
15284
418
4858
14708
11988
13494
13710
9556
11286
12658
17242
496
14888
2558
2002
13286
11910
14700
12870
4142
8742
5928
7566
19082
3774
9876
11094
16704
7488
18866
2892
17754
2982
9738
12790
6196
5502
9614
15772
14810
16986
19246
9880
2184
5942
12008
7630
14502
11086
15262
15076
16682
9200
13922
2130
7510
15940
7318
2628
6464
11606
7554
19400
9518
9608
17702
1838
19446
1920
3288
13354
4090
9358
1138
2258
18920
2916
6194
158
6146
4138
3908
1754
17206
18274
4704
13184
13868
11390
5778
13182
3922
14200
3948
784
19288
14652
9286
8644
4052
7216
14362
18036
16756
15346
10226
5980
7346
384
9844
2174
17352
2862
18044
16550
7106
3522
6964
11344
3028
9176
2918
9694
5700
11686
17094
11382
18238
7390
8784
15920
19562
13642
7684
2446
2920
4028
3120
13248
9064
68
15592
17586
16828
18232
15668
11298
2988
14306
13128
13040
6620
7274
9774
3990
4274
8468
12922
2304
6656
6562
13610
6310
17726
4114
7556
9574
920
10456
13666
5664
12976
12132
2760
510
12798
16576
15200
902
1188
16416
19382
18522
11820
19518
19838
15936
4152
14454
1142
18556
9762
878
2712
5516
16824
304
2726
11148
5964
3152
15188
2888
16014
6234
13582
6450
16026
10732
13624
2126
346
1668
13306
12310
15666
12716
13954
8314
7144
8794
18686
15618
16388
16376
5130
16408
1314
18140
550
15516
5172
12098
9624
17748
12034
13032
3090
1518
12766
9236
6538
2978
13122
17788
7118
2176
6594
14800
8856
932
11282
13932
16340
1126
19544
1686
5748
13230
12620
3378
1506
10288
3404
1172
15266
13388
6088
8780
9258
17252
11524
11648
14874
12074
14850
10370
7120
18462
8662
10148
16854
4366
342
17598
8116
14030
18094
7014
5068
15878
18278
14414
11224
13554
11512
11248
3672
11720
12174
1214
3038
18662
18948
410
19042
4440
12848
3126
8322
16002
5220
5616
18822
5430
18492
3620
3904
12486
14436
12762
450
4380
10666
2698
8830
16654
12500
316
12274
7472
7084
5218
8952
536
8426
8494
7660
2456
9708
988
6742
12668
11788
14078
8892
18146
6798
6070
19268
11510
16792
16670
9684
7040
8290
8512
130
18976
15028
2090
6240
2708
14694
3172
5956
6636
1476
17562
3770
15182
14624
8772
2714
6644
3532
3854
320
2254
3998
18750
8734
2970
1894
2048
19152
6438
12124
13318
16820
9340
14916
15190
17098
1254
11406
1348
4730
18132
17322
12226
3464
8560
18218
4602
8524
13446
8634
4928
16810
746
6276
11232
18518
9188
2420
16640
12062
786
7768
3868
14242
9196
12908
17014
8416
7096
19794
15820
6698
9154
7634
14984
6260
5890
6626
11630
9846
1918
8590
5212
18396
13090
9372
14400
14496
5528
19134
2904
13454
10742
9138
5234
18478
4844
7900
13334
6402
15336
4568
13542
14940
4852
4996
4998
6024
14476
2804
9008
16400
4324
16868
16060
416
6810
5524
4016
9402
13222
19196
9554
14650
3706
306
2694
4252
2368
17232
15162
10058
5292
12672
3534
9056
13930
8152
1140
6940
7262
3324
18024
4140
18568
14852
5242
10138
276
19968
3376
6396
15780
3682
4520
19340
15486
17138
1852
6460
8714
18160
17030
13326
18400
13202
8730
5302
6996
13132
12604
9770
8966
8516
14744
6318
15062
15846
15682
11452
14730
18190
9016
11404
16514
2678
6086
11016
13898
7708
13700
18618
19424
1942
18856
10662
16856
16610
3332
1004
18446
11376
8612
9860
13960
14080
2196
16568
17916
5804
18834
15444
13498
1148
9754
4868
8222
6754
3578
15594
12204
4292
19608
4226
13578
16080
8148
11978
5004
18702
13552
5936
11544
7500
574
6038
400
1098
11324
6602
936
10008
8684
3074
9766
5842
13970
4370
12520
4418
11906
17818
12420
6472
1804
16954
9406
8120
296
9112
716
8732
2044
706
6908
11834
8642
4754
4670
7824
9452
2534
14384
19918
9110
6226
19458
2182
13314
2148
10530
19334
8710
422
8286
9496
13434
7272
10744
9490
14124
4536
1414
3194
17016
5228
7436
11748
9752
16758
11584
12002
10290
6954
18506
88
17036
1292
14026
18882
17634
448
6092
8854
4464
5518
5076
17118
4342
8808
11050
6560
1650
7282
19998
6466
9282
702
12744
2896
17484
5274
19940
12130
19474
3432
3820
5030
6696
9792
1154
6122
2634
14612
152
8880
19094
12088
12368
13998
2622
2462
3516
16764
10450
176
6762
5894
8900
5506
5444
7782
8132
5216
6124
16590
12406
5226
4394
2418
17892
3600
6342
7676
3394
6708
5476
4076
18966
11914
6192
18982
6308
18532
15958
1106
15022
14144
2574
14044
204
12882
18002
9826
8154
10842
4100
12648
1482
16740
1800
3980
11102
5710
1084
4530
4488
8694
17062
2120
3198
13284
14814
2064
4644
10284
10410
396
7442
8292
19872
244
7228
9552
15230
4270
1222
18184
15984
18802
6178
6284
7588
7612
17508
1324
638
18778
6860
11446
22
14924
12224
3316
11666
19476
648
11954
7222
14894
3310
6704
17328
7806
12198
17100
13758
12774
9914
19546
15896
13812
19640
498
7082
870
9904
15858
12338
4240
10840
18640
4794
3718
15976
8868
18434
9572
19874
16786
18012
9092
982
4766
17688
14926
8218
14760
17134
15700
17830
3708
13664
16162
18674
8956
5260
432
19756
866
7944
4686
6730
17288
16952
19072
3862
19234
3554
9352
10336
848
2362
6426
8430
7512
18300
13158
3338
5984
2596
18610
12452
8364
7164
5764
15926
19510
4578
10594
10040
7340
19944
7428
11124
15166
15424
6934
5608
3160
7108
19352
16496
17310
13420
294
12616
5906
17530
14644
2088
10758
5490
11216
4174
15014
17018
18058
17378
2106
11516
14784
12614
16956
10640
15006
5546
16372
18818
446
4332
1134
13944
12702
9382
3838
8270
6700
9920
4320
15834
9170
14614
1572
12688
860
8544
5876
3016
11010
17668
740
10814
4104
9588
15158
15950
13196
17446
1878
2680
18980
680
2430
11104
5670
13532
10816
9744
15378
11302
2992
19572
2272
13528
19086
12262
15140
3274
3648
4534
10780
9894
5196
2792
19670
7774
2116
18230
6546
11596
148
17386
13654
10938
13968
13134
15970
17938
16476
18362
4788
2238
18632
17404
7008
2640
6368
9628
19960
8738
1632
8006
13764
12278
17286
10690
4950
628
13798
15606
9666
7456
3944
4088
4986
18782
19366
10934
8262
434
8162
10918
6188
17250
18944
8294
2794
3448
12840
18078
15304
1002
12878
9690
1510
11546
5036
19132
18050
16614
2190
15520
8158
4172
6874
13596
12910
484
10680
5266
17304
9982
1404
19274
2266
11710
13422
14488
2392
15818
15144
12244
12396
15092
17612
2538
16124
14576
15526
14654
9874
8866
9504
892
3346
19942
13262
15956
8482
11696
6494
13350
14536
2364
12218
14896
5568
4780
15246
18424
13670
13370
10876
11202
7618
18382
13428
15244
8676
14966
18888
2006
18816
3918
13254
15608
6288
13416
18180
1358
4728
14886
4424
12242
9436
10252
16382
2086
12142
3632
10586
10596
5508
18122
5268
7610
19068
6446
1242
12932
13732
12746
7672
8792
2684
5566
19628
6720
19320
2160
280
16646
1438
1108
1696
7602
7358
15458
16508
5884
5592
14714
15414
7732
10682
4
8372
18310
9772
17800
11706
13226
17110
12588
12734
12934
6914
12962
17692
7800
19698
2706
1424
1938
3668
18006
8324
6084
2576
19122
19360
10936
18680
16816
14780
2278
17190
19114
18120
850
1426
12574
15472
15216
540
10102
17606
14150
14082
98
3084
9288
5978
17058
2546
11838
14374
10162
15630
6166
5432
2990
19396
18726
15312
4170
19244
6922
11212
9664
8210
7918
6050
1636
240
11992
254
13188
11308
14522
15290
3066
7026
18294
18022
19522
6326
17760
12970
2966
3608
9716
9194
5818
2206
90
12600
18320
5552
14766
8932
18938
8492
358
3266
3804
13030
12816
18306
14350
8228
6558
8888
6064
11190
10598
13288
11474
3626
7858
5726
17268
6542
19882
3264
15522
15440
13684
8118
13352
14544
3284
12104
13612
16246
3710
18486
5146
14568
5028
1654
1386
13644
4374
5090
19012
10160
13142
9722
16996
11934
14008
6158
9300
16446
3204
4414
19236
6016
15840
6488
4384
9510
15670
7688
9184
4486
3206
19314
19514
816
10764
17766
2564
17408
10650
19810
12048
5782
2170
19750
2938
9882
1932
14500
17928
7816
7394
1980
11678
8820
12768
242
15428
8616
12676
12820
6118
11872
9954
5732
2784
1816
8030
16644
10994
1448
2424
15694
15872
11664
9168
14908
2940
11600
2984
4376
364
7914
2098
12624
18512
13880
3336
6418
5482
2942
864
10180
6872
1854
11492
3106
16808
15718
7528
3652
10106
14542
4916
14226
3128
6462
16922
4078
2910
1710
4552
596
5504
14054
1048
12372
2924
4094
9818
2770
8186
5298
5154
8818
10216
6800
19890
16566
3298
2284
11704
12764
17374
7746
2578
1014
12518
1732
9090
5760
12936
11908
15966
16144
13152
17772
3306
9926
6628
16142
3590
8336
11918
4772
8410
4696
19582
1198
12904
18594
7256
5644
9852
7714
15360
2728
12190
6812
9178
13656
18406
15044
14962
9002
5466
3058
14914
960
934
15566
11538
13698
12252
4646
14740
10986
10740
19552
8050
3496
9400
1836
6992
13038
14056
17126
19162
17596
12014
4968
9978
6056
9966
4546
16766
9240
10402
18666
11174
16562
9884
8918
11676
11068
18880
11132
19300
19402
4888
13300
16412
4992
1268
7454
17434
10838
9942
18808
15500
430
4300
6058
17750
6822
946
1680
592
2700
8692
13852
15942
18354
6490
4714
18240
190
6382
3462
13576
5416
18372
5264
18374
11756
3808
3330
3776
3250
11262
5736
18442
758
11304
9028
1914
18540
13628
7066
6448
4020
5880
8904
3312
19556
12534
298
16834
9796
378
6408
17266
14524
7422
438
880
19406
10330
17654
3810
17994
100
16112
1000
6666
16968
13712
15750
14328
17480
18570
2110
9728
10656
3958
10170
2154
5452
754
16048
15778
16336
5038
5914
994
13148
15540
2972
19096
8234
18706
3018
554
19512
12830
14892
14732
10244
18498
3536
4306
13608
9054
9746
10474
14956
1528
4070
9816
16624
4082
9994
13404
8438
1428
18550
5514
10796
12308
942
17696
11928
13204
6216
19718
12832
7364
15308
236
4980
9222
9136
1954
19904
1594
19224
7544
18592
15514
6858
2484
5970
1880
13730
11832
19766
10794
13650
6184
8740
6116
12706
14510
14512
16904
4156
11964
15612
6048
2366
1848
2100
14172
9968
16294
1698
812
8674
14390
6902
18490
3406
17306
2626
14642
586
2468
16384
7538
4064
12864
1056
4944
15502
14474
7652
19130
7950
10592
11398
1748
19724
16462
17230
7626
5758
15986
11864
9116
15892
7372
9668
5236
15228
5224
9550
14036
16546
4008
4108
1716
19842
17986
18698
11228
3594
1870
11048
11556
13512
7140
13070
11680
9868
13942
3248
5952
14204
12026
2954
5878
8522
8658
442
19336
3756
7064
11024
11688
11200
6736
8746
1812
17758
832
14360
13488
4158
14484
15212
2478
12464
17448
6492
4326
15020
18874
6662
6486
11076
604
1496
10268
14992
12482
196
1606
13708
17202
14156
9848
3734
420
5418
18046
10068
6846
10490
1052
13780
640
1780
11994
9266
11020
3964
3938
13274
13834
13214
13110
17910
14166
4612
1346
3170
18598
17248
5938
5532
17144
3576
17580
5386
9066
14972
1592
18672
6100
1280
16136
1728
18250
9500
126
4776
14794
7908
2394
14802
16532
7946
868
5484
2056
3440
19278
11112
14594
12548
760
8308
2946
6976
9242
16718
6072
11088
10348
1522
9514
14040
18208
12346
14316
9702
13754
14494
8382
18112
200
8282
16782
13652
13302
12040
2376
3052
14954
6942
17614
7210
11938
18082
10672
1674
14222
8066
12192
9488
7664
696
4674
16198
16140
11532
8786
3680
15832
10328
8764
6476
7876
9660
9408
19754
4272
5830
18936
18606
17932
19140
14656
16724
9520
16982
2020
4604
5678
9480
7032
7286
5190
13252
12752
14318
10046
13450
17844
19558
8408
12194
6114
15468
3104
17302
15314
15122
7700
14366
14762
16528
10802
8724
16776
17372
12148
1366
1628
4508
11352
13052
14042
8054
11256
166
8686
18378
17296
7248
16250
5680
3130
140
5794
4792
12622
9776
13360
19692
7656
10220
19276
15488
9086
2348
14006
18524
2666
5790
7468
9526
4764
19814
2452
7450
15728
18436
6168
10904
17104
354
13058
15796
10992
18452
7300
12068
2644
17358
2078
14116
14790
6830
10082
19034
8418
5254
970
8240
15068
138
11430
2664
968
19216
19172
1272
150
12358
18734
7550
10652
16760
4706
15410
18426
13544
5864
6110
1598
17326
14554
18092
17222
9290
4368
6148
10882
3824
12366
19958
16126
2406
18288
3762
10922
8206
1388
6372
15628
3304
2720
12494
10880
15480
12504
11526
4302
2658
13138
7792
9292
3334
16896
16616
7840
19304
11554
17894
9558
10408
6896
8062
19584
17172
13064
3454
17040
17276
1304
8246
2438
8936
6750
17852
11312
10806
8814
9442
5578
4616
12660
6144
11624
6774
4734
6078
19330
2222
4726
9946
16068
42
19344
10514
6882
16552
13734
806
17478
18090
2442
466
3470
16754
2814
17970
3686
18810
7532
18364
7310
19018
3270
4340
8338
16096
6136
12266
17964
15546
4678
332
17588
14604
5082
1992
15586
10146
2260
15648
4304
9730
2880
15614
2906
19602
1122
3186
14870
18658
11826
5356
15034
6498
19786
8978
1034
1026
18992
14854
16444
18876
11784
4836
5270
4848
16926
3474
13622
5976
17284
3214
17256
8920
4428
4178
12484
8696
13738
7052
12122
2250
11488
8170
14256
3202
14546
5586
926
7352
10544
8126
17064
13594
14212
5206
16202
11230
1666
11066
16678
886
1102
16488
14846
18
16556
5376
17532
2050
11394
10636
19190
19678
372
17902
6622
17498
19420
4518
11116
16750
16318
8490
12806
19524
368
13910
6000
9726
19658
13892
10342
8702
13400
14418
17660
15224
2648
18418
15570
12056
3630
15392
16236
12508
222
16234
4692
4124
1736
13696
19662
16260
4722
19098
10730
670
4740
14728
9276
18928
4092
18844
17048
652
5640
5600
3796
1624
2556
1840
3712
18704
5104
5590
10522
11920
12808
16540
6608
766
12152
17394
8972
16242
14812
7284
2778
18174
1578
6836
804
15170
82
13382
15902
11278
376
19056
3114
18994
13974
18846
9830
15622
8004
2582
16976
15746
12892
13014
5896
15086
6928
16118
5754
4582
2372
9680
13084
6340
15900
4184
9246
722
7994
1320
2426
13560
1626
17642
4540
12314
16830
3192
18336
11870
18904
3252
10754
8414
11774
8454
18908
19050
4876
6410
4472
10340
1206
8436
17670
15756
14272
19726
7834
4192
11576
19368
4356
6746
11792
19104
14336
6748
8108
978
19182
5662
13338
10114
7842
18572
12690
1750
9160
19124
12544
2320
19636
18516
14572
7670
2032
17682
3916
5776
13104
12022
1096
7750
16934
19806
8274
17442
15090
7386
452
2358
16698
9460
15672
10098
2042
18638
5580
13662
6648
6302
14774
14736
12958
11730
4990
8638
17802
2040
8836
6552
10810
4312
278
18898
8140
19550
6008
3076
7796
15580
6204
44
19472
17082
10472
15318
16978
4032
2220
728
13686
13748
16286
19286
17792
15142
17492
608
6338
18386
4594
15038
14902
7234
606
13950
2508
4538
5588
792
11244
17558
14514
7710
11460
11880
19046
772
12754
12356
6706
16498
2742
1392
4952
4500
16804
1286
10310
8202
11736
18464
4984
19108
18852
12268
16892
16774
5124
10164
8450
1960
6756
5166
8570
10760
4436
13782
16304
9070
14070
16648
12020
17632
15992
8266
11580
19702
17140
6968
590
5576
10462
15792
11724
13282
2562
17292
12180
5872
6994
4820
15776
9534
4258
1842
3942
340
19886
2068
6358
4360
14392
11744
10346
912
17646
4942
7874
15036
8790
16972
12322
9186
7332
3568
14246
216
14578
19906
15980
4210
19508
2882
19808
18716
19192
16536
11150
4126
10356
282
8510
3624
2654
7758
16232
10684
8698
19030
9308
748
1658
17106
584
12304
11592
13966
7990
6434
4524
10064
13636
18862
6042
12114
9298
18690
4966
15624
1124
7326
8532
5112
18894
348
19016
7988
11354
252
16134
15354
14372
3168
7036
5820
234
17262
6244
3750
16114
15650
302
10004
18116
5774
3670
13904
7606
6160
9324
19010
2382
4160
19576
5658
8012
10470
18924
2256
13526
19392
18878
16414
18076
8712
8060
1982
15426
16716
9794
1928
5408
8648
9612
9232
10394
10618
488
14046
14958
11862
17686
4452
1786
11482
13848
18394
6180
19590
14190
4856
14684
14618
12834
4866
6946
8632
18914
8488
6540
944
6312
14098
17418
13232
2566
6564
14300
12064
1344
15088
19990
6880
11258
12984
8940
6030
5380
10406
5908
10118
4214
1196
13384
18110
724
17038
4426
1018
5290
2594
11668
118
6924
5458
2952
13762
644
18166
16878
6532
15710
17534
17738
12010
2226
17050
15714
12238
2310
6444
5362
13626
16542
16672
14196
7752
12728
10644
2336
19856
16882
3650
18014
17500
7408
12028
480
12264
10338
9712
19292
13364
18836
6202
8220
16090
15130
6458
8708
4902
13550
2812
9930
15696
7716
2542
814
13776
6866
7882
178
12612
9462
15324
5500
15050
1238
4698
4720
19878
3088
11750
16410
15706
13620
3896
4830
10300
14466
15720
3070
17366
17926
5100
14820
11712
1080
16960
11738
10648
18038
580
12996
5738
10798
7936
19764
15114
10804
9996
4198
10144
18200
7180
5620
11364
3842
7102
14824
12458
7966
14012
10404
5194
2788
4346
18636
9494
3006
5406
7462
4162
13694
13568
1734
1944
19876
7112
3158
11472
8192
12578
11888
1182
9362
12866
1576
16392
18380
18020
11572
5626
5344
13936
1486
5256
16290
5944
780
6028
3382
2062
12030
8388
7970
10258
11468
718
3188
15854
12568
9586
1962
92
11722
4330
7254
7894
7722
14598
9678
19128
8272
14352
18454
10612
18990
6638
16860
18942
1872
1380
3416
6920
6974
13864
7110
8886
8448
6020
11204
10182
8530
10248
16464
1588
4336
16206
15390
10538
16434
6098
4828
15798
17244
19074
15738
2890
5768
632
3322
16586
18244
17022
4590
15168
19746
6912
16274
12240
13678
12742
14290
15786
19032
8208
16152
4098
12818
11998
11660
7004
19790
11586
11146
14606
12134
3184
10556
10270
16604
11530
18712
13174
13480
12468
6280
5858
3988
32
18472
14236
8344
2510
4018
7572
2810
6526
5378
18048
11342
10378
10954
3802
15404
3874
11056
8084
9964
11958
12052
11608
1328
7720
2550
15242
17572
7682
5854
5182
7266
16028
5762
3574
17396
16192
2838
9042
9992
6634
180
3528
14548
11840
7646
3430
4284
4938
11454
3176
12408
5992
19836
14486
3514
8306
8396
10498
2660
15026
4862
19938
12992
18040
18168
19174
9108
13392
17390
17630
10844
10308
5180
2264
6
11044
7384
17074
16560
12150
10250
17216
9244
2322
10766
2202
2514
7124
12236
16588
3434
9742
882
17678
10834
10772
15496
14402
3220
5144
10302
6806
10722
1156
1390
15656
13616
15134
6900
15494
16734
16818
6120
11672
4924
17650
18510
1364
10674
4904
2134
16200
3866
7010
9094
5134
19932
3848
11962
16018
3468
16692
5912
9850
18926
5350
1902
8980
10200
18684
5062
12944
9662
19486
18514
18940
13330
15850
13362
17780
4430
8166
3092
11588
14704
13440
18784
6006
10782
13920
12836
6416
10502
16428
15408
3530
14058
4834
16598
13380
16620
9724
3546
1706
6652
4622
2624
15344
9006
15888
13520
8264
4962
19198
3354
4894
2234
10972
10728
6618
15254
9584
18624
12802
2494
11726
10086
12982
6548
9778
2944
18086
7560
10600
2736
972
248
10238
8954
8810
16630
17838
11856
14970
7162
700
3504
13638
3132
16638
11930
15084
10692
7314
8926
16312
14734
12514
18360
10808
14314
19120
14776
17594
6044
19212
3898
17604
14882
10998
17644
11806
